81399633
93419876
26458114
49700240
47725645
59559166
33549831
28049970
36342553
75704996
95372944
71255884
62785920
22140113
95674656
78382153
50067756
43373127
82813860
95453793
91801644
74084834
46579308
92472664
14912700
31981823
35389763
81235372
37624140
62634732
74489319
98876308
80768851
42810992
47992698
67932163
48261886
18409357
17387235
86837467
34478664
43264874
16881996
83921255
76023363
17229497
66429869
43116390
21364856
67243243
98703384
10178211
43044669
49093166
25759923
36694631
10252912
10814134
58132631
21142234
63190959
17851575
33605750
25536329
71156642
53000692
73172153
38659149
29232626
42120915
66082874
75863004
19845796
91011234
91418775
31613204
85510226
31122929
21584006
99455676
49120149
93711416
47192744
65694809
19846218
69098799
54612660
33775300
89116073
22921824
79928919
67302038
10981431
76425018
80745040
25137561
53491641
71273385
34167071
43989468
95267645
90667315
24460633
31761644
78828305
70893108
50746941
33518082
21601751
83493685
86844381
84349638
81461865
62885291
18168810
36943392
69800132
68853573
90843936
31363059
21470740
79005992
48402360
75333292
49930547
46139475
16847384
41755545
53013545
76101388
75087663
29520211
90702680
17976128
64624587
64966802
43890502
25094681
70035932
11264297
38957188
44841046
89943585
14224139
34471360
12731460
60695493
53289238
16939919
18133416
44805711
56781725
91364800
33735142
90400448
91300156
64199652
43587421
54847982
26526983
51456925
36961926
60450066
77172788
65588226
16527955
64032996
91590830
48658646
28518309
93337860
88968477
62327254
14482282
35434367
66799801
64651692
82297046
66491151
60186235
55478924
41667613
45219273
31002327
89529328
59876556
57188707
39788739
56228467
21356801
48113142
58203922
60608800
24588970
97055081
68106692
35039048
15343631
72374855
42774979
29936196
85699686
33726141
85552997
83074586
64254106
26079151
13343830
36930877
98556364
79143815
34580385
17561384
93093012
44620771
96701841
86576303
81494272
96435760
91694786
64513733
61467593
79353849
75902397
82572780
18168670
89582726
70459543
98527979
87337356
80733048
38011959
39360317
89785498
37792743
90432421
30158456
96897297
12320810
21313738
67473708
91097517
77115488
90999287
13834604
57444937
72148216
57084980
46193456
62983476
63542115
30626620
47978329
31769448
87106370
58047135
49331509
79030580
58975573
49835024
74345004
23498377
63266877
81542282
73859110
15912751
53719409
84221238
18692809
63901205
81771135
31467613
49419927
86811841
41826655
74528381
21812857
34071963
16306250
81898137
66072899
68970846
54382583
92159932
22166068
11152042
94632503
94782769
84447023
25232872
36195870
58776444
55823148
22679474
59513860
24164339
36259904
42383980
60110801
18173094
36295431
95578637
47423776
62996201
81831207
59386064
29183620
61768462
38926062
91826144
62247269
14566985
47222716
73026471
59352083
12991041
21854474
48529686
96046721
28501731
59579279
28077343
21963373
48426062
99193280
41761354
28994715
96373842
47114080
94801057
67642742
45825380
38556893
70680924
92812975
99770612
96028826
28773956
77160370
43187796
59195872
16361135
66467550
46734912
88815172
24014018
43008160
92590801
97117535
65260318
36236195
67686982
42809430
11617840
90241951
68706868
73662103
47487506
12307583
60027818
53472605
84433044
46407190
82379571
11759621
34199062
69561382
88871042
37868755
40638875
41545316
96246958
28235743
64459600
97150280
57073569
61518025
91481780
26777243
89375242
62796906
73051695
32276655
26290517
53716837
60340314
70504709
94428611
90293881
38659243
57755471
92261162
65572295
83365149
34925685
52182714
79528644
56106311
69072471
10868125
13659891
32748939
96718779
52885260
18788991
63830898
77094873
21460601
69160388
14641299
38078514
40742146
12627619
86604176
10376069
82129105
94139342
45556114
55439289
30616595
26022772
82890171
20256893
84894708
77431289
69715357
66860756
14875608
41810691
54825660
42529450
41918551
96575331
77908776
33496731
49797356
93913350
65105902
37131636
12974721
27883164
17936203
81571414
13621642
87212675
77858238
27504294
47516785
10265937
52501119
38336593
22895500
52261035
43046076
32708278
80921609
57114295
24994589
41993105
84434846
52485487
59388707
80068292
93691796
63116394
84678360
36797786
46883939
28204663
80052192
48306897
10408114
41328497
74828722
69579797
90003263
61248340
88518570
68746819
69412597
40525405
36945983
40599909
38762338
38753141
95121132
62219848
22041293
86394481
35255739
80860652
61125396
32827453
11055940
41165848
46488989
24206552
24588276
35066464
76650499
47610910
54528421
67991412
31771095
82208625
30668355
14754528
46016083
22822913
58925840
77430919
28079392
25960892
29241376
97006181
48355977
15020175
51221299
98260020
44886032
79589598
79966777
97356037
13610796
60841271
17515358
63428352
99818021
63894402
14133449
40553569
63738919
74350913
54933873
72862189
84197204
81916063
21224567
73956556
99043045
90866538
15840642
36676665
67351658
32307407
25921792
61151186
24070157
27319559
23336766
56351000
52829470
35384174
14035523
64814286
85234103
75082001
14772367
57610657
92831152
39668189
13107174
84772587
15122753
69010052
48999485
31501113
17145944
12862985
54282889
72976925
22494682
74959809
39969770
39717289
80016132
75564730
12230954
69264958
19743404
38268846
91486542
16009272
18024313
36495252
65803561
94626582
71800636
35336658
32356787
34814831
35915683
15421385
76333669
39601447
40122388
90183688
41254410
19820546
76062523
35303905
22005435
22586892
78279504
18379257
49704028
88446795
20968207
24335488
44126191
52824738
90680413
35536306
83102070
76233993
74981271
81106368
93191720
85252772
74980826
37046720
79338866
76140660
92111004
55775551
95780067
19660514
13735250
92968639
68235238
54967894
55970488
12036764
29324340
29910641
36969890
77105740
99476435
36041956
65045555
24054833
75490074
58201383
58697397
49880649
65799577
74107542
48268292
66078031
90670403
65460693
79706193
95549196
93213160
38038190
64114481
91672458
44395093
76776770
38532436
61635919
63773552
59957549
44890578
76522799
22311823
66242886
34621603
96164709
19458608
13981277
59449122
12884948
31781627
53498779
40397438
48393135
89859652
33997256
44823545
89612500
10727098
33360482
18951096
53354600
27337653
64347981
19097284
71514078
17124673
58961689
84977014
92308439
89840165
16418492
48494081
38451105
22029622
41364269
13831772
98191629
81801015
45714200
44224045
22787078
26229659
57253889
25779385
56991731
81142417
19609198
27689122
82655655
48584229
45081524
31557603
55222905
17039498
47488157
30072861
65871557
41430461
88188496
97197504
83711582
38779874
43497636
93163621
88550557
76072862
51343938
46155915
74592385
24565409
98997217
19481866
79495077
26499450
56112823
81831039
96209811
17608761
10690058
78009665
18136003
80367989
84942906
42474335
18586388
67515442
83914526
59984716
86742410
12697612
58102947
23326691
48709068
49882270
46906710
70690997
45184423
84255826
24658122
70908007
48672954
32451588
67289727
15667405
98391153
11998666
72338890
57659474
16481883
37102612
25059957
97765053
89770845
83328952
71408168
58114047
20319907
97600549
62167060
83424077
96447549
72472220
74147458
32033750
27154078
42181019
59072541
16322770
97277644
24853582
46324556
94946780
17940532
58872114
27147867
26416915
72230524
45327409
69024047
86423613
22962381
24162770
61039672
92257860
92459784
49331486
73944321
70470403
86261955
18239938
37609440
46606670
54829543
94344743
92197847
49240966
34434795
24048415
97652289
56837691
80583273
67883745
45895420
79945729
44559991
66518621
90182694
18461748
47616493
72916005
47697886
56661237
83209680
29556967
29432755
39592673
89814857
69416279
55303983
24151200
34609194
96517427
53572270
13729825
47824899
97244316
37191615
50248418
40325764
38230767
43989432
92858592
41912442
31537031
76535170
69910162
78152724
81080558
79420072
18456705
59150786
29180027
82746937
60801280
11605371
85162269
99097461
64292370
28506691
26882205
79148954
60007775
59635334
89391530
14933784
41343761
63316792
86815052
85101661
73754714
28991534
51918900
66565515
95619892
83840607
83151640
84028316
94875510
15487498
91416995
29193642
73714520
27633227
12677228
41789698
34184616
20123608
93301524
89016555
72816498
44899524
46021628
49849791
56824932
79738175
17995767
11521217
86397685
24552322
73875068
55317358
72168227
28194733
84490079
67832765
64144788
86035436
54065274
13074327
90315510
66386200
47578338
83012483
80210661
45438580
46326637
93872457
28651171
38936745
68002506
92792273
23404723
91317580
38557314
70813093
19622620
33535190
32650172
46082150
53977361
95676054
15021150
47702712
56521205
69382346
56339106
93314517
99428530
64049075
84146273
25070394
96310139
52786513
80740887
91300266
13526795
21479956
71887164
72142011
15292503
25875303
27900869
31469793
52708601
31167367
21998506
35188196
44549518
56408155
89183096
31295231
45151848
56943367
50577879
99187856
14512625
79894384
70220141
30575671
76826832
58347780
77280590
46734263
97858937
32867861
28839947
58160472
60642527
98028334
65821369
60658695
89591179
82839697
37402202
24322571
19553480
54129768
93160603
88881109
26886577
54577377
71282503
20148316
30705432
82678093
32042785
11173985
17618936
13662303
55571101
54152181
43845331
46041376
62025809
92298826
35044883
84985738
99069301
59081146
54326419
76922699
93205738
99794682
24272479
66196266
35886836
15529430
40478102
11838833
49571855
61608660
78853925
56044492
80095901
88852801
34254093
91528468
39009484
51247734
70085671
22027075
22776498
14832819
31531459
15954580
40082374
71299940
90909367
59179649
66743093
73204599
94297483
70815021
73215473
77285938
37424353
21071196
64617230
97091115
71221195
46996106
86704150
88048901
21928250
87978787
93846874
47520130
99332690
64753877
90067971
77842560
79712812
48506751
34147678
24766624
63005185
71935409
84652717
96385399
37503187
99922370
30064729
46409162
88148608
67866415
42895390
21307153
69343641
18705250
77144005
34674411
21690762
34359501
87963574
74352552
37160099
52018116
52988325
47774205
92130254
30114323
63909789
46397575
93621139
82893026
62440685
81424738
86652573
19306405
51855026
22783413
88098754
78475645
80870225
31481756
44632726
63398321
14000479
87809385
35256311
84804134
97365046
12202239
92790565
91793896
36135318
99822456
87997021
35715436
81414300
92449721
21216705
94295407
80694024
67922604
31274371
22354487
50649485
81657663
59045159
82472530
60570201
64266124
48581446
79588657
90148557
29065121
60337763
36630570
91331119
69167366
44433792
10229629
80838375
67592798
51942320
98769291
53468287
76034810
41435616
49363403
13014984
87782093
35705569
55364325
15608696
11724089
69126493
73414249
91091746
49452773
86986186
37122613
44996769
58286224
60231165
70202862
10677339
83633324
65761656
72811637
59679210
68618255
63316014
10703692
83491384
35058847
50117892
37153586
14774898
47678855
12414068
99104868
87078473
22773871
60282828
12441359
21972371
62778590
40332245
55460452
50936815
63737475
19642563
88664534
54832333
39841771
80303322
17630019
69812654
67587145
28470142
57071513
80975744
31199186
22457030
61603164
56650672
62577988
38788367
95056999
91833471
99385712
31563215
99487769
21086629
63357606
57884802
74981297
15132949
80210097
47976675
71850360
42694521
18874191
42508851
15826157
62521759
89196860
36979801
14679462
32131852
37488211
83675454
42498559
72262002
46017914
40008323
26171309
48605846
10021066
94919840
23685953
56588208
56263282
84136846
34564038
72904278
86500378
64101618
13269263
40866987
19618443
32145442
35102986
56172099
60187272
33462766
46959575
35399582
70265067
55891264
11370548
47420255
77027292
92650229
47604423
71702276
91232841
73350625
47804693
30152412
20200814
51901493
37044920
13209073
21399067
66113460
55250229
61965632
21034678
71195933
54079236
29627085
78578705
24684285
98054194
53862906
97583565
42523368
76059332
64671943
17775273
76567126
40166223
46094189
11970909
12699229
38269464
78247995
63180157
50877245
35266538
99383979
50670374
63037746
79924991
58668553
68073088
82404654
67456188
81269406
37957550
84454812
87052188
60747425
22873506
10557362
25447239
12101412
12439973
96066979
11034684
89799214
24159523
62716883
24422357
96321285
82366069
90773342
21503401
23634532
33742280
33139204
47479177
87524288
44371987
37988081
53082500
38353037
24875601
20478605
10856849
38725090
74233259
76296234
51723532
19000466
97250942
83070041
25744361
13850502
52116817
33746585
63414409
93237481
12245960
54616322
28371475
11972079
83240235
34262782
11297821
11382593
40253494
57313099
78403249
99848133
38914545
97599363
28828805
31357400
10370907
82845456
46662196
49790757
66430882
49121332
71400217
94130254
64609097
81495280
77181591
53954223
31688941
44232371
17043952
28282811
24103220
39874684
34406924
26181762
22264161
52073031
18356111
78561291
94676771
29113577
99668964
98038955
57470979
41301001
45724475
53275131
65221738
51310148
12831625
68295845
73157494
74126676
78690677
98728472
11244613
31605730
15675180
24611376
19196622
34788157
20617108
43402978
22256692
61428302
77803880
13578809
15857196
90886219
72823653
50082301
44450155
93598560
93826097
45891761
65269407
66778974
88746411
98153721
65182406
77623121
96943671
85612256
54076781
83183156
34408291
56571641
45954692
20700320
83666039
81537826
11134016
85020546
60220677
87021499
13503382
11633878
68330971
47943724
96267885
80016109
81001189
36392015
41966468
92472875
99728059
13353668
90515865
76199978
29631675
94896155
35217268
26015086
53828877
11553140
10147714
96789988
23416699
32735659
32303968
35016090
53436837
37053412
17732109
47119381
47506376
86075228
73307555
70478834
47264663
83626564
79642292
66893122
43084819
80100395
36680228
68761571
67949885
83485417
53732390
14481154
86112322
61399711
60107809
85337610
15798463
87648109
95963675
76521774
53130969
48007802
24562805
97785909
92753846
66345007
47861875
17793748
93600535
38493986
35361118
85555237
17184062
77271497
36157151
22455581
25109975
77622017
98865910
73143335
70501716
81718948
82277658
17100008
35805396
64417935
14289277
94712795
42791742
42476592
33436816
62944696
77196677
79272294
89409754
51742246
80972017
97884594
47195390
26497766
37315583
99458860
97161329
78269983
15066525
15493090
41829354
37751124
54731914
42900016
62304920
47487769
66552375
55375841
27568024
52416327
14598248
98851282
17527046
96128256
91592217
82555327
66163641
52620288
36403185
46300443
36186977
32952612
46578386
46521413
58364812
63147913
81025963
35914040
25863947
63983320
68609431
75919717
54802658
85575592
14907577
71706254
61458937
36018732
12218873
50373995
70006408
52325124
14554128
62488129
15114231
10607095
46892580
72781654
94025062
64672534
66470029
93768343
76293996
64411595
78656022
89898949
31798744
95548809
36777312
60597132
47166522
21006321
52407184
70604751
76237310
50302849
10097475
16397566
39576499
75334042
56944589
12722402
86020265
83010443
38730599
19841951
60722217
79363040
80652431
14682424
82319589
82072709
84133189
46146334
44784873
45172635
46080675
65573348
91413815
40081310
74545559
38643281
99961914
57984000
64787481
47832944
32264812
90913341
34563150
81570379
11281439
22877917
45854924
78094820
78666873
86350268
23188187
21092864
81534549
88437765
17196393
34050609
94041897
29099830
27409023
21039694
75553619
71573953
21730456
93294473
67302595
29803801
93566134
40942923
67944147
23181657
25260306
65997414
74464644
80827590
63970294
70579795
68906024
24316280
18176179
90705060
86164967
14489103
27103567
95097241
86259969
78026251
42223614
47886745
24433733
99977341
40818463
85995780
78732909
68814189
18647174
46996980
48698581
55533941
56311664
86061205
81987097
55929615
24596076
75300202
86889256
51655284
34372082
41131773
18678774
58703869
37119527
76048779
97733805
43082223
21049888
57816851
73424151
66953072
58869948
66830402
80777641
83083700
44540165
22476520
89139292
74580429
40924101
56030294
55267865
34428861
28046448
61055312
29232526
63932941
39797494
19291373
20394815
12700571
51882818
68300963
61992118
40945103
74766041
13617050
75276231
66356285
20904518
95596062
80950251
72862503
20472433
79096787
30422885
84799896
88466342
73760200
88620002
85005816
97003986
58062495
36673710
53906273
52718603
45834315
71818447
25684516
68409118
17349269
29543744
30601242
99309898
61553168
45063935
62154284
19628921
32183657
13108301
65280903
21369681
39019164
22246839
92418348
62923597
64567597
25317211
33522104
29379824
93758460
79276144
88011147
97846252
34241848
33174522
91961240
92791091
15639413
64264034
24009600
39345473
41436290
26129585
28560391
47457975
28818520
28992221
95261861
56914871
16955058
37509801
31792873
49210773
32839934
62336622
51027454
48739739
38587378
14675042
21905097
96080389
15895541
67557097
95107639
55851540
69913808
85562812
51568660
58808525
81194886
72640019
73682682
51889984
39913493
73305342
13737041
95102233
19487638
40926140
83025012
61125205
11139120
31262367
52921918
45092814
29409369
66120292
67081675
65700874
57050403
34629134
72949235
64250966
18617393
51616175
17197333
18741696
38919547
74866470
79731583
42104197
44626823
30303304
80697473
59167838
22774496
59332238
67862296
21135408
23877552
65529003
59913255
35397811
80883492
55605337
82825421
37734460
36183659
23173269
19467728
19408371
26148249
57174227
42276516
65187726
38079314
25042025
31695457
13157082
27335510
42202971
34889701
48459013
17727600
30718802
79316096
29696343
48600902
87900277
35408912
56289552
76655505
17513581
69774703
92755032
78603204
32558680
41210844
96050116
82673686
23175979
93332853
65619716
85959193
56594815
22395376
75207835
81194712
90113388
86743419
11430343
93327171
43967585
75150765
29404430
25248319
75204553
65007552
86491135
11746809
51376686
35379121
26777234
79900809
76462033
11887280
12263373
87888260
37735710
88716651
93540162
43926565
66609794
29948481
56693125
45581938
40530790
16102592
94173834
89286330
17689996
45048357
41709967
22804213
60973154
28014840
90418672
64002853
44280963
55686595
48316413
58276859
39949723
25996215
96994014
65801294
96761294
42043398
11011594
61381431
56847331
18086203
46376106
23921062
29197354
19394850
39670555
56407413
97922307
52045348
88548269
13676854
52623860
11030834
83735963
70013824
87345852
82190962
15353009
36164787
41671100
17119472
10585194
74813155
48788537
82991710
53652752
15903345
72531415
95298387
21084720
56549935
92192765
31233971
73355930
71831528
74342309
57115042
93343943
90346366
64272839
52859948
42434757
68616696
94336465
71043651
27954990
91638467
56439161
63615491
65480038
57647313
57306000
19106940
43897261
50375848
24082236
41736582
79579925
70294835
52267072
83087080
54477645
85340820
76518526
39381386
49878878
25122976
43538661
18640388
58268855
54529967
90461826
12783624
80465934
16044780
44773313
94019931
21214983
65497950
55181064
74293286
18284073
11708314
47536594
36124754
39286751
10551796
50955790
86143547
15039323
60274503
17937204
10613808
16051617
19147287
88808805
94548526
60045817
81859208
42162546
55120299
30020858
21027592
63681891
60065597
26112414
40634886
31398875
44827115
88247384
99625354
23406589
28588720
72273913
45057245
69350178
18191298
99805113
40465490
11635540
78530815
55549546
20243506
22867973
16424874
68737480
95828881
18507496
59107813
80291272
86033938
36968460
92068301
59178245
35090365
59798794
92975126
64444709
37720853
26254465
37449242
20200788
99674387
90155860
98120005
82735861
74218420
13694958
63489305
36187445
55331304
66084053
74340203
52081905
90214828
13267230
64107296
44550747
73179389
78648109
59727041
28924647
63047267
45116187
16624773
69948557
87907879
95576111
79302357
61055753
76259377
21188502
80096767
20236289
33530635
98587204
62755901
94384489
11740882
63951564
64832291
81808017
44710814
57779838
30159698
62824897
77956247
67292999
84452403
18453045
29181016
24664996
98934305
31317843
52233841
25566038
84628308
35599311
57685845
97974999
18055967
46335260
33359971
14270280
31971640
83723838
37050828
93566414
42169997
66666516
98845230
24856083
46493372
78959164
88194272
24243425
28289390
32008970
40422977
29534883
49742551
79741316
18518510
36512005
64105491
37356207
26901359
33265306
91865766
88041786
15908604
13403143
28209319
14878698
22858601
43092534
54425321
49344022
68515035
32888959
64585327
78998847
14957838
36358876
76474313
71368626
64472314
40251808
21357128
69447481
77604185
90889686
94246176
55579373
72550022
52322501
63684207
76300451
42289555
24200040
35818974
13865965
74176318
74717578
38261028
54503078
40242993
30990718
55207948
97948299
64944520
75158091
24183538
11036755
52467893
46611646
48163225
37686414
69209754
46861848
77207573
34217684
24017848
24372563
35018376
32349901
77281482
39711687
31046504
26777129
98294098
88720185
72351604
27169905
55462860
64813474
62543928
13802352
78602980
40654955
85441442
71959587
90709655
60847627
87134158
12647375
26432072
18402435
88950960
28025802
15549165
27456998
88508972
63480673
33612321
65687278
83228749
18283100
35520951
41293622
99703764
47135731
71146452
87229015
64496881
73900794
92999011
91739862
63038766
46921440
55918644
81423285
93744326
40706372
65051807
49552273
17216607
83181981
28685559
23404052
37034723
72067719
82856798
75041720
47580100
58265775
70752965
57055178
68511310
97553316
92515563
31593538
20987792
22036242
94281546
36974642
47991498
13696760
12848855
72023128
53226793
85480554
99250818
31090492
64846719
41720951
87154233
61671880
42765929
22256171
27753975
70556201
45559150
67938747
74768560
28853687
59592381
36054847
29941293
66068321
62777237
10081824
69884427
64587364
66757773
60945931
86263519
64626187
34608990
71942586
40656617
39483539
76775601
36248214
76482818
38758989
31924254
99693220
30546792
96628600
75468266
10631010
62851441
29317388
49229325
36709936
93857006
66301028
31347066
60994872
25153983
94073930
16086866
69738822
97510439
39208607
37650580
66299435
55560874
77931240
17967487
82619630
49387972
95807960
59578929
29312817
95304909
84525346
27849151
93726230
49210149
29916904
82150906
20818564
35385915
19952502
99400262
46427607
85999115
47738506
37908354
93584438
66399688
41854118
32746005
73316704
43954614
41077518
14399601
84631100
86330195
13714372
17859263
98718816
30883243
21002475
15976323
78384293
70128741
68979970
72588565
59322646
69778520
28077991
58598681
27849413
44472673
30465679
71727726
27935083
76212084
62467905
87917638
84973404
53901738
22883374
66502048
11737392
99689828
99950414
24229716
28349820
74625086
38792443
96532437
13075298
29787048
69002056
47564523
24559423
44198364
89912344
79532890
82813211
61273009
91117337
42911089
39551281
47475323
99249753
37078902
72854916
89754855
33808688
59698193
38947290
14377072
29177882
65031170
48610658
29940634
39288383
64434806
82592169
24155038
68597984
52993128
58078865
93520410
36637875
35431037
67166570
54996166
13761699
46686511
73286737
46424187
77419380
50108831
96126008
70429980
35830185
28225714
94912130
76244212
80484152
51559852
19256441
43181407
95334654
19434272
28474739
13709782
94781508
66094079
72221923
58897708
11344580
30534352
96399223
93781641
99773486
28987844
62534943
72155007
84311000
54381119
27875483
99727367
20150095
70321058
13557500
86581330
15834539
46483482
59251736
83521848
70458124
19383239
22189428
46956646
54032770
10938176
51396620
88243324
19331413
80210854
61547953
20356892
94934313
77579103
95160485
16238920
67065520
26707982
73860945
19659579
61258762
13358337
25657067
71091218
26522263
67678372
21174106
44243418
38673976
69119567
11556688
63495371
32892783
20023372
18530291
15442471
97130746
58239817
97777926
59204155
74792753
76993718
28918910
41342738
22001034
15149969
10765696
81635890
43591371
29515685
72257354
81944163
86349153
37195216
66093219
84046362
50618207
81014539
39888914
37952731
72856906
91881062
26920163
29564164
69726328
87792027
52612910
87060090
43449949
67918170
74918865
80679299
79693190
55908294
95882710
99024818
66486541
60048580
56523829
31296640
48718726
50367579
14443390
38471584
32128536
76274209
39624358
76468481
22866182
77503859
36275544
54839477
77520902
33880267
25132021
22756988
93858741
10190905
30394167
45279010
40457390
10618217
14060914
77712556
95497975
82597134
52710185
72922329
77025293
73506916
29401401
60044090
31851182
58870368
16121785
85257472
74156563
21603640
93597319
95924926
90766440
81471288
43241009
91817761
62507836
45589779
23976664
77193372
51598273
20620871
91760029
28501558
20676898
13187902
15159122
62428547
68370625
70517947
73361392
83788334
99329783
52389642
95525728
26577692
19860621
89647213
52352521
24999648
25654677
54882174
83090491
61686568
40568404
91233904
73987839
31543570
67439956
11140417
83420012
56957766
70188282
29796621
85289087
35735002
85507446
69915269
19998389
10922875
44253229
26042016
93833593
33154821
55747455
56193357
36400892
12612116
22136959
80153982
40911101
85271563
96535194
66578804
98321116
60243658
54307356
65934026
21138655
27056535
44355698
68081381
22255326
55100436
86833669
62450373
61421133
61628610
63338965
42426229
43906458
84102173
84983004
18784512
37325764
22334906
67112015
69096644
34569631
29634798
53089693
75516852
37917036
89745544
15565957
18863021
97850942
68640117
41183886
71487852
10518621
45730461
33772410
35714041
33727929
79486092
37585874
88863730
98420123
14653049
99255969
85351418
57953748
16957937
69710153
24944505
61130109
99188413
51850635
71133618
35513929
39323548
32924837
37094982
18846418
96392517
58039621
29367323
39986762
57027263
54258765
60583594
17210634
56344646
81555993
34206692
31134315
84880579
57092430
56849769
46217459
51142126
41879241
79686963
27070198
50951966
38284689
68003287
31957037
63821544
98815853
26895680
22521819
73866430
87986565
41179787
84698284
19358605
36986124
10060345
56655958
83517536
75875066
58646450
64216618
91528628
39355328
97742556
84441164
53695476
42568946
27289839
25580632
87834515
67228530
55963235
89737192
85797923
80938043
61510983
74921557
60258967
22091582
69680922
41738266
82391325
69991126
41301382
23691749
96824730
77897649
58743214
82550711
60064547
20999841
16681636
41482522
22743362
67812636
14739079
98180024
11588897
63597963
87985229
46173310
41273620
15407088
54844063
35610343
46947799
93371200
94339299
28850795
20556308
81173991
90855198
85679523
19343798
17891291
28827641
88309074
64783894
26124103
54822716
81268845
92608053
79463385
73046439
56819327
49620329
44000913
57797621
25950030
68587744
51675938
16506597
89428760
64841533
16761296
78860425
90560356
12652320
11359333
26664153
40948590
65770532
56931192
54208467
91779456
14327479
25347209
44627566
50927339
78245376
60365759
89028332
16696714
69195668
10421319
49186113
32716967
96338277
90057562
69699496
45494007
61778547
93433808
12049140
84412893
41991340
38070732
47416947
64481530
88935281
71945358
96891040
97254939
62796397
78548600
12744655
11656326
43158203
59465027
35397693
54572439
63562404
20591243
64737804
18888709
84247531
71060856
95219206
24579385
64889742
35338505
99247557
21114890
11680763
13747132
76065929
69426350
82194717
35321121
90976978
19528864
45375517
19178852
38655808
18354810
59969918
48437380
93302535
17578427
27470223
67958533
71418504
96945295
61377628
22226721
27398264
85772417
16965921
77331518
24632436
15902902
36599734
38271429
67915326
26340865
80662829
65124830
80426615
76888647
38528935
94624217
65738648
76032774
40697779
99100011
66115727
63110574
63523606
34893899
39201314
12267359
31004915
47283505
97559358
19620524
97774398
50051698
15389340
65592659
90816880
69636216
32363533
82381379
73273777
71551949
58932210
37585819
51418728
26175434
32095576
34249890
21009607
37417873
56824212
22681826
11900056
83070665
54284116
48161188
53868944
26427544
23333891
24857960
94179239
80737590
36592765
54029426
87441836
77747650
93018701
16652819
99495061
48726248
29161881
26568309
79463409
10373880
22020273
75863845
57754172
47892585
58392527
14490888
83902273
74179931
67563523
62092509
91617530
84325745
33063135
18971869
90795590
72068820
54380393
56924596
81149933
13884816
82467910
32331785
49834944
71040623
32874649
51321152
76303108
60756638
63401114
39043698
31122529
55374927
51798541
85818317
13518131
11507863
98619864
37969168
54875784
57024083
31706943
36851947
30557727
24055560
98440262
11342870
77094454
32736733
66193196
62084910
52281125
95002917
92677191
31175429
63168204
39702682
99233785
45928713
68247823
36849360
99263169
86363346
23095879
35725647
30115569
37271403
77202291
48956605
51487431
17661491
88527415
91381700
17055184
13802517
10631584
74656971
82146979
83612053
96045571
85208054
44928125
48775880
48625932
93510574
77767634
79708465
95215182
28269455
88229612
96624422
65900205
87404418
95666169
33091780
23653394
22561919
36093493
36150175
69107393
12161952
20433764
33548226
59779456
63531713
26133389
72234883
83403903
26740335
36050933
54433702
35647300
29764487
40148224
45630246
60913736
26242455
28472467
50316788
90620328
76337700
73710820
45745271
68711023
30770946
95905387
88089499
57764046
14112276
81577194
21581280
20568534
76174790
59906937
69840868
19367531
62171307
16123390
75451580
63256904
66847690
87798124
28412430
81050730
65527573
44998628
81572116
15317626
68855049
44631969
32997083
33530192
77926274
26999433
36880681
36392857
21047315
66328325
23393479
24575481
35921468
47148256
79425071
98939809
82331529
83024783
80495572
26780386
95678659
85667663
58562785
62335692
81964788
65612617
58923860
66578618
63880681
73456799
46034192
60784696
82087806
32450385
78987225
28416493
68988168
79373883
56831354
41000773
59538768
11369015
63749423
50878622
86702307
64672078
16786769
20565876
75531600
34341806
93479820
85997440
41697261
20009622
82545986
16753253
12889274
60195572
20419996
88659768
64435699
69840511
51096783
71089065
30262858
35733875
37514005
90770213
51447106
81012580
11377549
66685636
60931213
58651100
77796659
43833625
60922686
68490485
88014954
42470685
90291532
47476114
64616317
14778581
16438512
74544404
20121673
82351040
53505049
18927198
76276382
53715019
46819277
77463682
85522235
17468549
31740340
31892720
82624667
44999443
70986508
52325923
81953244
33100810
72705217
35552078
26950435
19368429
76448816
55665928
35308993
40075311
72701561
58187364
39094716
71563583
55442335
63684111
96032023
69935489
83419367
22079415
42432802
33659865
12768720
84558026
14772271
57946135
70592132
27959824
80249702
40318887
74781510
68535879
97932079
14383708
14209072
41072073
45262115
90992842
60135944
80705954
71419652
44541860
29150609
95294532
19549515
67366343
51943869
36995057
29915722
25497252
17287041
53743337
95497669
94349344
27256570
91217628
58933875
83917326
66695295
53411848
33699402
65316569
28398767
67130192
49646393
46871287
33069422
35936209
44704233
55526282
29351587
91783757
27116834
26457095
58818882
53054560
90572957
33089607
31612863
65160610
92384259
37706794
92991933
12075843
68060726
53557428
32638767
75295131
31020977
16476636
17190800
24676220
78265644
72495788
31843051
28022177
40249169
92650147
72632881
38183548
61872874
38011104
48723202
88024355
11561190
22346872
66445602
46525791
95082558
66904659
91106132
62193858
83848728
75413912
91237849
59913627
56312924
91395425
29338466
66757341
96708330
75008672
76762989
80254039
85062378
83037344
55464294
30859425
86089089
91454360
63460184
75628428
57602970
27342196
71436974
66907744
49257844
80360080
41898838
67354979
77644180
79368424
77361565
54309731
47690994
68670634
67511021
53134472
15898046
89758865
62528941
54907686
53129230
86461465
10699658
12554458
97741393
28175073
49049054
44085249
24123793
29027926
79021163
66925619
60627661
22289053
17303724
90445742
23270732
44980817
58709141
18314407
28428574
38366416
81350227
64323837
50536107
78646464
40183468
88704377
43756712
83353571
67969426
59072376
77733485
87666178
26115883
11767135
48549752
71895507
78244120
69016424
38218314
33202249
52186784
31741843
54342329
90976509
21569775
69486813
24199316
75513060
97596399
53580084
83624155
49277981
32899315
11103984
73013066
26626152
26497589
36013317
37294888
66435154
11312640
60128776
13477491
67095856
94670278
16572386
96057960
21747678
76311594
87366102
63852178
92420072
63978030
85695915
54796914
25058973
94860229
64336623
43519682
47839880
43091172
44820853
94613169
30049271
93816726
52238617
49507677
87496881
22708481
72095198
77142267
86410213
18024106
49252531
17441580
47942804
53810783
64494480
11349081
59619857
23497661
15692895
38300230
53831684
43232896
14028454
28291783
96968704
80987917
81773665
26589664
56706563
27183805
42849820
27689049
62321573
16618859
18357290
77267763
34131896
45126653
85254459
49675722
71170325
96369933
49996639
44735307
98983996
38899654
21879970
35439325
14879298
86649866
77423001
69648444
35629730
25696011
73558164
54993934
99414135
84984414
31657247
46995725
91017436
20564520
91525573
79677496
53339741
85390913
46708756
37302184
62993297
92876699
75574462
10127309
32520081
44450613
84098859
20968259
49209535
39106855
59215590
81963070
27630730
75577164
70387795
57806768
84327005
56198047
20893491
36244184
81744022
32112830
70004834
24294414
68849778
63053938
21805517
62434184
11968405
17473056
33226509
96543494
84262318
60240120
70927360
69269937
86704209
11349269
65745899
47829099
21209543
95596830
81960579
62345814
76499766
34870268
47869542
95894359
15565514
53887219
18959198
22880841
46024252
58800993
61539274
70055243
90450745
69867327
28980321
83572339
68790390
71161991
10195231
92660897
72950326
17577588
46811794
34036943
62071948
55397388
90056872
93608449
25580274
83157929
10502296
63734367
76384390
33638317
37245737
72823932
92928005
67366679
28246582
23350539
21214294
96805365
59134190
32937414
69200827
10857715
45967692
47327028
90313743
65591828
97167925
69295594
85454429
98398104
84342272
19304916
93313145
71090953
42878291
99344211
80241558
29435439
31000094
28946438
77406023
45621842
60506159
11574391
41715075
27639720
97773463
56348628
68348872
35788551
38623048
18393646
11073926
37681418
83173636
41829115
72516534
54025634
56582021
60543661
63078283
60238614
99266528
16836310
53612412
10630234
25730205
52159954
24835656
14232156
22249475
79174196
16183730
78096847
59214979
21463195
31140561
46130206
20062487
65508193
91989618
69665859
66564703
56891826
26686960
85731571
27867992
27931764
57885073
64970516
40938913
83967674
59673171
55999607
14624376
96146637
27840620
91326900
52886745
35484923
25957029
51725120
30829098
44945103
37595711
32431801
88884260
31457957
60981028
52070221
53313158
98822282
25158601
94865382
22066386
59110162
56606655
25568067
27485322
66428051
56888966
10732433
97006729
69028394
57255774
84041451
60118957
20753614
84406517
37234901
83677497
11569627
54524773
96841544
44642237
25427224
35688766
64906894
64601396
36808412
18716149
75365123
22218235
93896613
49731285
89984808
10830779
54298267
47176100
19867778
64445637
80579111
39609121
98703164
55080713
16251334
51985806
32555357
77651788
63377375
37786210
19194171
32574211
47092441
55290861
54985119
60747209
77128291
25341371
44301958
62043461
62078373
31602116
33180879
41952049
10527454
82503463
34848850
37588625
84246959
70983818
27386042
67635164
76131326
41984484
23118316
65097531
85688358
21264027
95211764
15341697
81024082
38207829
71543562
67310078
55405729
31805021
86320199
94149825
25343492
84520935
76932966
22945477
33541025
57771771
16119273
20155794
72196806
33403455
50976389
51164652
62044883
75536745
35945566
52979258
11539454
15046983
32859323
24906119
58284099
91327790
59995417
68258408
50231464
72416447
50462412
43747149
74170584
81082839
90827255
46504214
88074578
10639969
65278081
50881978
43089590
23245002
86613600
93293361
34843333
90245021
86982577
17612724
94124177
65355661
18271999
98555844
85961524
93965025
83796347
94559022
89650153
34938851
42962090
95638731
79455011
61691924
50619771
41493116
15026094
65464278
56733676
43429872
78926710
86938904
38101267
25106754
16584129
55212156
35176289
16573735
45804726
78891544
21747911
16870914
21596100
44684119
64183250
51304520
46099303
19767897
21836947
18519971
44469875
96017895
43773384
69158570
99138316
95975156
21597180
77144918
31628909
64275093
89364173
85903865
89361242
68543564
60880852
26031619
99629782
86900413
94075054
57464622
17013149
66711926
99062884
12361756
69315497
70627529
17320990
16364934
74608937
74578172
79406292
48976359
37400837
71984322
91237020
62045764
31645483
89371940
34441116
56191036
72388370
57719294
53221972
17447479
51255931
11677786
69311362
44421744
99362789
59241105
97665987
58031307
43887550
75111650
73360041
84653796
14820814
27152076
16189721
43357580
79505031
98367217
46521181
75484454
21581341
92862492
89477714
77552845
84133674
41775529
46169450
94756888
10000904
88487678
11147153
55299309
47728868
75094657
77826827
21416874
10000538
43462250
37140681
89862524
39303000
10103637
59207952
27974991
21957263
59872157
18523936
30964237
66479143
15597116
55475766
50132908
94598741
54062961
52951244
51423144
24147609
95609368
33442160
70911803
30295708
89711440
18969770
45097588
37408819
63473530
77516146
21991170
49083627
11020084
41700687
22746574
61440678
86230633
96626567
68040432
14154851
99101836
36177027
50587147
38973327
39447382
51436045
92364873
30188147
14598030
30943932
67016933
66950317
21457042
40948302
75931817
18485278
20860092
54822974
32198758
75078422
95126020
60264169
28957069
77567034
25083740
29516680
45310651
48540135
66818339
85301001
96615437
10732880
91016246
95711265
92565480
41201607
32665013
82944970
37083636
13803251
50121771
41718080
80964648
65334886
67306450
88265286
30347605
47894961
38736024
50715442
17173738
35416885
46435068
93016602
57236771
68259889
40768276
96387991
58558716
45443509
25673527
53025937
26637641
33052559
84392705
28082946
26654905
62207324
53679931
70489542
30695788
86911351
70743350
16483064
82625699
78471101
43896550
39431540
36174727
88392805
20885396
48849318
62887000
32187816
89964914
19234917
34545604
14010747
83329873
69237999
35990808
45810236
39707847
38798035
94656975
19060154
21863741
84556923
62191083
65462918
63070809
80009210
99874584
44578662
52882630
77150012
98040108
61528486
56226701
38978729
13409777
38327384
35983279
91971754
48206592
34397878
45493905
33806968
31689367
64520128
37302003
44385363
82800044
16524407
20712294
39286646
10902414
33739147
72163408
88430546
29276358
98831125
88236444
86578357
54103961
62023197
52162440
29099642
94116426
89053912
26718429
91399486
73515923
70429364
56610462
23425344
83637683
12177984
50215961
10474817
38786959
18428646
38978994
98723281
33624609
81869453
61456968
74461457
98565273
79140137
78527482
18781484
25090673
72955360
53542126
97065026
76635853
77807361
38519897
96373961
11439308
68930531
55749627
54209655
97353276
57538942
50519884
11041185
95397150
53065315
65060349
32233138
98215987
13311264
16131457
38264242
65662730
55679875
57451014
10544616
94299748
85586520
52970884
26202278
89739368
72872433
38154850
35702751
71986156
33753315
13044855
63898218
61890928
97427203
50331826
25951846
57379555
56045895
25305878
43409118
13484524
10079525
60981880
91528321
77023590
39609889
89598513
70039742
50536064
15003736
66101412
58725029
37148682
70009557
11501291
50722312
88565856
48087728
47972907
52426684
40560095
26026339
89669460
45023541
96164271
43327549
10762070
69182783
51975980
93674079
50196933
80682231
92722862
77896850
75243362
22528456
61901873
90857941
17333863
85959236
45555541
14918776
47426208
35123922
97557871
67769516
15703100
10471340
84308503
55348253
21755989
57908676
32169322
20922349
14676856
27894687
21404861
43736932
16098301
44027883
74636570
55245447
76095291
18429515
73954896
78212918
74406101
98647703
83790292
50437630
50988961
75865630
53419047
94272359
55969923
83064297
76665152
48524584
95922719
37559315
84315869
55238765
74228150
17568505
54170133
81898869
99617029
48900033
58915220
53063576
19461790
34466411
77919672
48870417
44714261
46863820
30630739
65081001
11292845
48171615
41103163
66676826
76426659
39098990
44659756
87732867
50340374
41962274
41977436
30189814
20803458
56657635
81780145
14652228
36377734
27605723
69626827
17879901
98967478
90719205
22578595
88190882
82923032
12443695
53777281
36616756
64086575
24332991
13887634
84548791
14207720
12198801
74439875
35867029
79950423
60880134
71015974
21036036
94625664
34959108
59463316
41782037
53903623
54552118
69094700
59386106
34862842
65475443
33738610
13176675
31334896
71991095
69011895
27529109
50867644
13086935
88491417
66889802
54734303
91619887
47334631
80083937
35309706
64095833
61281890
51744517
37019119
26256671
66246793
10436550
38926257
88127182
92155870
82310930
40511881
42509840
49147666
53807878
26113787
19797322
14350479
53898600
97304403
16122261
18338993
74450788
85641060
72184804
38884051
97101360
72146206
52525768
26496053
63039421
18349648
34315840
31668415
82440027
95139963
12543326
37531201
93825951
82396616
46622365
25068370
16986603
72923342
98352065
13825183
50148963
67711042
58009134
77376693
15647266
35344449
65081439
54157883
80585171
71634576
42005965
63195162
60005646
75617866
55491402
17416071
56513419
26825544
62456314
31556355
90264051
16229213
97755892
97295411
77977010
32377805
82831564
20181002
81337741
85427916
11080174
18113319
50716317
73497899
88915252
28903067
54449342
64923177
93998707
22861783
15943148
49325135
39106829
20023546
34462456
29893310
52933840
54267951
80183104
96519699
27873049
21343857
43504343
62107221
32939020
48582981
49529369
14314093
27597622
54710004
35973396
53481980
50686447
49094292
68716588
93065526
38006531
18767525
98346521
21691937
20888719
54792170
46163284
18735208
86850490
36100292
62766413
19117452
26431182
62630565
43581612
11096972
49371214
77247576
37664588
30989317
32942969
26355760
14062501
39041369
14077482
54865373
28630566
62992834
66601620
16365199
46983664
91520624
25138439
20901364
84153864
14171134
16169637
39033209
64158966
74581600
69126373
83139091
23119312
15536669
49079259
66778843
82468418
71068239
12500058
49424333
18704626
64857566
10360588
18682149
70984409
19070041
46571935
22437130
91753811
61705510
16070497
63272053
26110139
74880179
98873384
28541806
29069924
76346240
42490165
75918687
51350293
20725301
49401931
32048351
29413507
40803823
52351777
49359799
93654438
68840576
85046019
12967401
56025243
60718796
78937864
84223093
39109945
83675417
81450148
99099973
96918984
53960605
99161920
65357674
89102591
42479745
20476875
56088277
20873618
97148083
78724628
83159270
86822023
90314101
42284962
58393491
73742076
99253779
50523836
95684525
75399010
20375668
36061702
47456849
14794654
93732416
77762248
84756701
97672689
48620175
84124949
69932881
63282677
70600352
26982728
86627918
59653860
45191695
48593223
49206472
54566075
96920654
81656418
25750102
68680630
64330116
37164301
80616630
65341035
96007023
47916972
93675605
74464641
85210967
37435495
19838241
72482293
49840891
32030236
38686348
26282685
27314138
47170396
58429331
35705086
56139541
54435049
45072732
75165101
17406518
50291518
70458778
17728773
33285183
24630748
81450262
31091509
21881712
58310645
44758775
10200159
15428037
74452140
49757594
53386870
36539382
30710005
17880180
36051358
77457074
47142618
48911560
19493708
20954063
54504377
69150657
52189384
31731628
32032094
52777186
98096665
53697511
99300968
33267988
77760402
89664447
55220253
74710122
53425431
98863381
92801535
35565312
40177314
74441223
65375997
75886880
17274414
62353292
51956783
13061997
25281853
65724794
12790192
77376172
59264923
89124900
73624479
30215661
92606595
46913512
72421263
93843714
37792994
49455591
81783265
49872033
16110273
19040597
46994619
20556753
93616733
90418530
12786301
46543962
84541640
57763889
29691927
76883144
87720106
92908137
75615832
80567587
79839760
52881113
81915824
71101396
65996399
52281143
64788981
12763284
25537582
22646852
66200575
71496064
31149940
22216563
55993687
44056563
30579564
95669647
89648179
91448587
43970107
54314687
26056058
93614048
28089340
77530811
73784985
56504524
12859533
66823179
26099188
30547823
70509575
83509738
54432855
80246878
57142044
31228132
86920152
60189250
68441866
33436970
52580605
22176564
46213854
40867716
48450756
71955843
72824813
78748413
65429458
74283211
62506215
52211759
13453587
43678489
97590698
21495526
19204864
81503921
30414225
71138226
21359644
35669943
15696243
48775972
91249809
82880263
56403220
29759502
79060839
17610085
18584582
40975521
36555608
71156548
10682745
44238860
88162524
39101503
19329932
11759770
93610471
12840450
94924787
47653308
59156202
88187828
56275168
14709809
37083312
73774725
41227445
89587951
87464088
48211827
68681216
65903411
14445294
26596983
99203764
34158624
33588862
67396966
94990969
36826624
58071544
58385066
93783678
89903722
21721432
47095639
25593313
97416295
87091435
57379169
43849613
65109689
60485230
67313306
35947474
98483174
46196166
38714862
55556231
36839066
51808248
18822244
76265056
35342118
41928760
42626831
18438928
98750876
73392225
31708565
26023775
91676817
51589884
22594936
28899398
14021260
83023147
81812563
65396997
87761181
93097200
19907763
37940854
84700985
19908432
49974023
61776748
83198460
69844505
64225113
66552857
59471790
61264458
97408288
83350725
89286009
45239240
65134451
19404359
36183600
80928183
35577049
53750540
79242864
13092896
91024442
91047839
83966079
33316925
46699522
54775110
54709772
96370234
71880770
96896194
19542953
65755693
82658051
38720865
47491101
25325485
64717125
99895078
57392478
97116248
68367437
67964689
79295981
81595480
79704443
54957256
12007040
56555861
56729426
36663075
98285520
55996058
39351294
27199187
43444614
19196410
25693041
49726861
69847479
49809744
92810509
71385086
55829164
64160319
64727084
77411860
74819793
25041318
93185034
32089395
76451423
47959093
43234830
90658115
92397216
97369137
83350972
68739631
88142501
83641940
25746916
72809321
66428225
24857630
67661855
37549911
33331004
63456263
37127336
67443800
99999367
19110893
80754072
50756530
48747872
11209841
46686081
41019744
39338785
36086967
84050817
90450440
40946637
50544214
45925675
24276795
59610273
72624512
46425375
73945418
40406707
66859942
73874567
11975977
97673154
30182820
66654978
59654857
22943951
19661055
76408286
19071104
86152952
44845785
19766833
94845930
84164568
23845209
87641235
66863785
53352018
54596922
17327603
73059406
17429630
80027286
23331610
88910994
49314438
29174740
23183156
94688549
20729700
90287580
38695459
29507702
92750137
89681760
17071672
41096815
10989125
92410540
49824184
32555123
85088963
50528523
61811633
47051140
87525677
45821132
29855753
88081221
21544846
58373621
51720677
41851164
86435979
30228843
18688788
95408108
96908125
19243897
11083960
10496545
50925617
94197057
75677083
72456793
77510906
99813631
46623595
83181639
36815382
85462320
28610213
65025791
31162444
35552348
39422809
89268854
18929743
98597360
89890079
50012116
26570287
56797650
17949304
89699160
67742753
77551811
90071419
70708318
53072674
87297694
91718002
19480193
76436588
15082600
38896648
77911288
19445926
55661757
62602086
67756468
28731093
14799907
53440748
82298187
84711004
19268322
85350395
26919898
23496540
95420329
95393076
26306026
33700716
59548916
28892085
66610434
86279775
50108306
10549005
59603255
53880376
71245955
97022266
54226991
26074169
32117422
57992788
14100209
11224652
38138767
46969999
93692747
22455938
42187294
86674347
96591348
73332292
94458429
96953258
36913245
38499474
68353759
52542612
33131512
60158547
59194616
86632465
13586497
65600581
72349944
50828036
66130947
34355604
16509883
77637216
36970798
22449587
20762335
30332080
27626404
23083742
53421692
92568507
52202090
32685509
94961392
59291781
50792590
59385483
36497328
20428276
29199130
94130110
85539513
45144523
43403850
41611561
19163349
99651760
66659255
17934050
93730937
47018210
89020275
30045308
11956038
47389097
72401937
35000465
96090285
68574639
11020109
58798438
66402609
61776193
21213479
93545892
68707509
54585199
58321582
27980502
73218059
49590275
18847796
73153024
14181686
13852333
84997759
11836170
71649869
14469383
68821882
31170319
22647120
74630403
67549241
48202536
63881008
95402103
58114947
79707952
62736255
24326507
57425709
20461860
14113615
32033257
29240369
28506657
87425951
50131603
91311836
93008824
66264440
48326601
60520406
80159095
98375542
77614997
41467241
73881025
69928864
98136074
52061674
37271732
44585031
27638805
28199688
93382253
80305514
43977482
59585140
40329470
48163070
46673744
64132484
81009718
10790634
37921888
41655598
17148208
66393833
39096387
67041791
43489135
62728672
27660231
39857795
36282534
67526059
54969893
97334205
39674520
72179363
23556094
89401667
77639057
89939171
39249191
69581071
18166074
11218936
79106099
14502982
40514311
35782120
21771572
71236110
13378049
11796825
90535183
42162933
41402347
16724559
76084582
54315136
59486183
21000812
94255767
68953316
92069918
89835893
79713419
73216878
37017089
12263368
22037725
70973084
70411888
31341437
14272000
72769353
17005475
11062743
37991208
95650218
25131013
35674608
29010552
73225680
21541550
71278607
87136161
60457848
62018770
38042839
86270674
46510378
97395074
83614775
86093612
21861063
81994928
27089004
61860824
98469114
29740641
51460787
77872500
34912153
80856186
64195688
16627809
31613281
96759911
23577414
53836616
75960293
98316617
75209099
42215637
98940444
62072544
10783112
10702738
93138649
27093120
10526270
64414503
69787274
99126067
70337541
61366338
66845954
44571126
42550339
13188875
15966192
98058243
66171519
80207690
91367530
29405788
97347936
70972661
61833739
71389630
48982160
46560569
39019095
46603008
75731453
54341525
32013230
25536895
45367543
48581331
45313579
98126342
89139149
84946611
11173501
66200886
96657474
37249464
51852154
88584482
84346892
97360341
33108445
56020438
55342679
32838281
90720706
58774791
42290158
13374823
23128849
53439979
60979315
60339200
79261237
97168432
53721007
76206190
32203491
71584011
60608000
47359630
95317721
13477559
52345518
56575532
59821062
54669458
56827874
58804943
92906733
75892061
21978729
88268956
48620372
73986907
59638552
43552293
12112212
88286917
65698320
60566308
39294932
68983758
45994592
15140024
58330049
47240345
94198033
79607237
72085503
82391649
71392689
18417193
11211551
28011511
32909470
59551612
82657206
23865836
27554073
89713685
35294995
19388591
51859205
66054880
69543494
77030221
64575863
61944244
87466139
23811610
45680167
18262621
41307781
36987358
12260091
40821385
60086300
70683420
70357404
98841893
99361250
55868365
87199674
46959232
37398251
60588057
91694020
48051583
62794452
37663951
91425501
59721571
68500314
57744614
73244150
48676842
55472845
32941539
42708461
32889763
11653220
92077383
47081015
43043659
12906889
53022112
58634275
45453924
54487883
63132634
77410849
45948078
59476897
53074930
73210073
16302358
27481433
31735884
87117243
88502598
21885182
89999317
58008348
58121922
83789538
51696726
14261135
17929325
63453024
82298269
59603175
76349794
50473863
36831830
76241212
76371282
49508325
97910209
39144432
94210628
20567523
45199740
41850519
55392587
87231512
17319115
32650765
42568693
34982483
95668961
78554512
54067849
56870182
61511757
87248702
93082093
34099644
68318332
40342755
76679965
34256403
99012677
57635795
37122244
81623678
26247843
35536107
37012832
65639691
76631857
61332280
41197028
48775640
48830892
94523766
85683417
23358669
92881973
76212316
12899424
85404205
48375993
31980059
84188172
89649750
81057666
20057502
52160678
32288949
37231029
20020010
65581333
95300929
14900532
11072285
30333670
12123733
80540471
85123084
85696166
63593802
13959250
77735503
10517401
70661441
22352187
29915304
42436698
37024423
87032129
20197019
12846216
28744830
21550097
52140166
88099122
17529608
99855212
81887530
77783423
68157495
89369955
42105461
94325985
88581677
91548495
86634052
73727517
28547139
80686578
56514443
93196931
93107252
77685889
63969852
15809080
27333860
66871541
66416735
88092812
65207034
23827675
92448838
70965547
27441091
37966599
31759990
32254170
29209514
44113711
62107732
13710126
50405828
74862188
38973794
41770879
94711886
29726985
29970771
80455255
23670693
95886807
80915230
52771396
74049452
91209209
28830139
36956906
20177767
14167010
72139850
80532605
70187099
68816187
32690116
84567964
47671753
11679703
67399343
54275441
86760701
29384894
80311079
84762809
58146469
89935414
66204920
35804735
70479974
85805288
91398697
41649867
29943336
20540523
77614774
63940883
61495605
24718425
12763197
39506607
62038638
66088282
85515402
99670624
50913317
13391967
36406581
43058285
51160081
25310901
69273737
81832135
17112380
94527275
24534340
89939490
83593273
27881030
61249972
92083387
79691001
21600081
44367187
92219829
77753798
28089271
47646820
60287986
57113068
97118257
67362144
92697637
72643398
21242101
87831166
28532229
89073278
83026790
13350901
58592359
32703813
76566442
89403808
61998697
23249304
29587051
97372497
55709272
60240424
41077729
89086991
73353313
64853546
29506325
50159929
33400754
68414144
23724795
32316487
46837513
32231185
62047656
44390926
91736045
32457354
55822209
76206386
66212484
27434196
49630895
92758613
48893109
53259665
99062654
19145389
21734408
60628024
89550295
60595625
81506514
23539955
91201760
84740215
38925129
13224547
76269425
39120496
17950862
50283417
42737618
54625998
89078341
99530600
76439128
49778736
49298655
39379564
76377683
37005615
76362239
70110499
12622771
28698798
25930117
77967977
62792578
53122393
72336636
78529962
55425840
29918197
46500822
64215779
61512224
25005499
95315609
93365806
53269471
78999474
89526420
48964711
31543651
32678475
54732511
96864970
49918481
35435480
55074441
31002328
83015831
99169219
77395916
38004579
80476434
85565714
81027181
43419959
35544907
95416029
26885134
87882368
37240200
84164253
36981610
13454212
89503034
84977861
35032243
21346208
19583043
50534965
28324731
88301640
80539224
90496219
82007114
11838421
72638704
97269911
95986884
32603578
61517366
33961888
10686920
47248737
21229447
93382341
96247920
47268888
22893365
40274639
32297430
58208484
35737719
14821611
39426688
12097451
55047629
48607306
87866402
65708818
88972733
16341940
99008407
44200738
56602008
41480511
42674338
28997185
95573188
84453725
26284425
53389981
82025027
30436477
72946331
95695200
38373476
73448392
23944774
63575121
88908428
76487629
28238124
36216423
55112016
55795849
42416617
32160866
41007040
55815830
90763871
61380944
86812148
95645743
18587708
46281263
67593983
37010991
51186221
31896513
75075475
53795237
32383924
25400881
75172767
81182483
12605305
74604465
94401704
84929820
42366812
58486459
25900992
66137886
23794674
78382086
56277401
33104730
80920743
92274882
76450859
85312837
88236337
93516383
81782005
71565278
42811752
13538738
33920022
47656374
44395192
81287474
54462113
63472853
87213115
15623583
95168589
44064366
18271635
19213937
10748555
25277639
58038826
79733660
74480710
94725445
26842056
71194524
64590353
40788488
61281917
96498804
45882021
22893369
57134760
18660928
46124762
12305913
38424146
13967679
54571701
84067318
84912880
13501656
90350612
92223594
61188848
32729146
53580597
75336829
90170344
31506878
44315847
82178634
65750177
76835743
98650009
77002454
77858325
95584046
67396560
70418810
89955536
98603128
25311019
47366881
57970895
84176119
70860494
51718952
29395461
20492819
77000115
50966254
37942475
66153796
46682061
77013034
68867194
71959051
76444893
57545781
81221423
61916026
87106537
70505958
14110477
91077150
38652217
97859577
16480444
48298634
33248789
13733369
36090626
10916196
51062484
34890739
44499707
22023436
90932595
67827599
94467500
34922169
28535553
85285360
21363420
61880842
84472738
24628861
44756388
32277402
56154053
25174169
49540547
96439414
96214587
23199939
42561913
36659390
88379302
64640401
58196505
56019534
76931604
67791404
45957177
52056407
10793800
32726896
63776312
47572743
25811584
60083074
49827556
56882021
87098726
83204819
37770889
98374194
59474302
57582704
22410541
61807754
84836243
68945587
46951718
59309762
77363866
74967149
91331361
95293156
86078676
10029290
32663476
47930822
18653328
21934151
10644257
53406480
97321170
60812982
15447395
86678192
16958333
28523107
95805786
33692023
96825254
97610587
32301565
42548860
67825806
81565580
33420833
11787721
43062789
61267739
72331525
53881331
25399238
35940959
84866307
86422487
47366066
64452683
58200518
63137460
60255925
42275501
86605470
82136815
82811499
34119172
96119639
63175298
71026271
20299295
59793760
64713168
45256760
61030722
82602133
13813686
39472172
21965830
51277239
65482770
97021868
57820826
69169754
92362961
19523292
44121697
42926466
94785061
21820885
46092009
45712303
35172254
48673040
43958382
15142474
77617498
97121380
89059920
37260936
39335042
40316057
33237910
34183649
97383608
96411677
53869086
44556714
79895538
60734477
54570477
79316504
44240901
91343492
78942255
34479050
99590910
75511243
95556102
74746892
15020854
41550608
85798444
66050421
27978096
54230738
14516095
54133041
20213647
49873177
28191078
84870160
27751803
14814015
10779406
94685933
81941835
12832774
67910292
47525133
14626283
69529174
11729697
76503195
58004057
93538817
14658144
39358833
35556905
16086297
94602181
58775481
41391833
49378615
72195833
30337188
72884090
92571591
80254426
64773628
23860355
31429768
52022419
92210280
55256783
70420966
34708699
27308658
74062289
44635545
20877973
54996919
91671007
17375445
31489454
13989191
19736464
14932959
87999927
96322772
32320519
55011963
25466959
84215824
55925311
74478663
64999915
66805666
16353995
11458477
94922808
81432428
57296896
35336414
44812265
67286295
52878465
85585431
80258353
22766762
88379895
70831480
47835822
27719053
43663485
96241731
50000538
53136052
35696667
11218668
89595027
72917639
66670595
41429235
70979853
96446106
19238058
68117176
21834021
28958683
11187184
54689092
53122198
67587634
43888868
51570524
92786669
10002614
56310372
11041925
81619069
29528455
48666662
15575562
56599908
76711773
36402635
92932384
74033229
97201403
97352912
58263072
29344113
25195947
28289872
28692387
30285411
24340008
78532821
90975568
36340437
70881218
81172151
58306684
98911298
40914821
19267764
70516396
51116747
35177453
67234634
62355341
39629570
13456466
49763817
27296448
59328594
85672165
17948441
35061425
32970146
40838765
29648881
77218254
83455041
53682107
27286977
51511665
21382276
74887836
41520292
23776574
22213994
40154380
50665001
21733025
31022969
58781590
78698489
91226978
39175541
18183086
24907212
95006358
78096787
57286608
36783658
59331136
59800932
78116486
52531063
61752814
38079592
94539183
96710731
17724479
83570019
19512164
72613619
61560948
15341710
73312603
23323461
55562661
77976256
57254802
11515684
63242723
95508415
49295260
83835052
11144144
66458720
69005518
26375783
90265804
90186393
52095459
74278912
21038615
13852139
46917133
88361725
17051330
19003111
89716499
32805179
67448237
14797338
48951625
85358257
70704134
99086738
50091934
34238276
30264951
35637215
12647147
26805217
67518598
40912893
71996058
18522788
65680298
88507008
26721541
17991506
76900737
16572490
46839508
80177495
14231330
58285730
91710244
46945361
90163872
55073375
79117442
76013578
86799737
50516407
25508679
22442446
55996167
87081065
55109920
24118157
98255444
93889124
53629558
16208132
77660342
30717108
77892326
19038801
26537613
67278192
58867921
42717173
67097414
61706721
89977502
14157586
93189566
41747657
70046546
84298058
59341551
40144411
35269993
17076292
99267151
67865649
77285657
68457602
92087704
55703148
47228374
85155362
40597461
28246213
23803332
64401989
38299862
18148293
87903866
92509590
56958890
89903574
11983430
89891035
97177478
63220115
15490789
69077761
51232485
33230553
65264951
53951921
38582859
88235173
96834500
68988904
97200740
20917152
31626849
27555312
59854744
99134339
89018558
53657551
32107277
83159746
42957181
70771516
24952250
28292501
56413979
49089092
41385119
43275801
45915327
28113644
72058172
12001947
98975276
13351781
83190557
96833572
61066504
72011330
82776080
11269807
65429964
37878241
68149298
33202627
65143781
54043331
51314052
94453292
19487382
18434429
81093327
18437225
15264724
37495042
18840921
21762591
53958366
14454232
23678326
63150064
13427460
58996509
51302527
40352731
20687956
98879966
73980383
70708561
78097417
79257984
57941647
17741786
60364580
57588711
27624951
95176942
49167548
30504683
84916245
47604582
10761335
22022630
59464398
16691170
37699462
30325076
27457270
33415999
89973430
46648013
51907187
86952473
22864249
71883279
61597474
80757640
16170069
14111635
79444574
35189716
51847712
85654769
56664147
42493046
21499667
39970646
58427192
74387712
14321535
92141326
85091401
20435505
22612933
53286249
56714594
48226299
76764333
78408172
95398443
77095944
73953928
80205289
38537913
18039778
35051814
88332581
79361340
86508621
72563566
47690760
34491666
46816507
83455417
68535104
11566898
95637229
18219022
82027381
48696801
12775950
62936690
53095994
36714395
20600616
30826637
16014006
51259268
89617615
20901333
18677600
35857815
90701011
92614832
50863882
24338060
10298438
30607659
20379519
58350117
58854309
45373401
42313485
23131382
38920203
84239999
61350930
26499077
87957469
81042190
66214182
62358136
66456031
62510196
41967731
42886542
30840851
20977398
18946009
85644692
39970193
10931751
13233830
52240373
70691224
80424408
55340522
10184849
30190241
21379127
21817067
55994684
71995132
76967663
36707645
51156270
44285666
51351023
89961269
97967187
25612636
24349540
30446490
11268946
26552472
18884787
12446689
89061342
80510695
99075303
32300735
44395771
77722214
83948057
29806867
42341544
98651488
77696767
12494138
55409930
10680598
27861705
82284523
16813946
70603184
65264309
32666889
66703164
56494221
49587913
70435714
65607617
99757205
64002795
29648771
77704703
77935877
58050632
96157936
69071099
58451664
11309889
92757623
24080953
41095480
22387653
39440504
77635205
83987255
73130740
40197593
98225928
53005731
37574350
83194983
33801783
62293657
62597047
52635639
90741941
99399441
47755661
11933072
16095124
62159862
88339222
69507186
51594407
70117503
60011951
27222304
72175207
15900614
15193311
95121272
66852313
91355713
72018730
14331261
62451917
69719232
35850035
46139059
38494845
54806172
50821562
69860198
86213399
62612928
25448607
47527790
74921658
60560317
65118141
38334935
36738141
23357297
60235564
43254246
97579232
21512596
28371782
14403294
21013547
60504898
82568443
65752535
17769497
91669672
42880246
96453524
24691428
12250783
88243661
43189137
38088673
71562078
18362970
19495035
43525737
87577562
59212577
70619842
46063624
84781120
51324712
59730359
62306743
80751448
22925062
32218101
90772200
48794683
63445862
57477313
63164663
78523413
19030429
38135225
18080960
71536307
19432352
17294625
80270237
56048185
46749376
95099483
30231874
47185176
34055442
77829801
91802119
97720338
28888873
73301828
42043567
79415707
78310024
23955225
25836335
87970304
25538331
50127183
96152332
76531294
84790479
27646751
14154885
15982568
91325347
55703225
96324958
48355915
50599419
90595646
81559915
69993630
48040734
37036399
29418675
30926172
73326458
91438651
71169179
86181284
95415236
66440892
82215331
72460522
28727406
76003139
40169717
12686643
44497475
25437421
70111621
13874607
85613919
98694238
63998293
44395498
51484003
29010869
18515577
51060837
49852825
50320999
72968778
58694274
94412646
34059060
68185260
33189294
53075752
68336006
17781871
93264462
49439867
56059240
96985627
14542531
36235305
67134024
14685006
73801666
72595706
90152788
46389502
64466186
24489353
24164820
60179023
65362239
89531356
34722349
81667919
88681357
58188923
31556474
95965732
97567328
12114033
87472875
27869616
73212670
88698705
53802989
47094786
22129811
96987133
19461747
14985870
14848455
64378437
35878661
11455703
50247773
33027983
23707278
90267124
12123588
67751569
75575973
73873897
78459131
38664860
39158103
17924901
41560832
53685751
80952388
14040792
58848152
70702286
49103589
74760952
78595608
68213401
61180065
15434562
34609221
21898369
53340387
58708358
46471812
66182933
96475372
25749684
44171484
24468681
85172929
84827030
95585841
21438116
55946560
65204681
35953612
45880340
70003569
67307670
86877717
34696248
84906406
51108856
79801854
60392192
44850731
68433577
28288291
74879845
62324802
42378934
57273379
30503235
49561021
31806039
75689781
66758868
90251805
42649106
22305237
46422347
50672866
82221372
36182720
70730924
44874670
18883263
42570528
15684864
72530759
48493991
10047727
69054229
53382429
71907511
26765777
28162398
93793127
50349628
66150833
35848749
95688768
68839196
27787923
90850074
48360607
15546296
84879308
46005730
97351235
16992829
73374205
99339738
72738779
27124753
30568309
68994410
21931616
75126472
27022876
85287278
30658044
63052361
36465819
27754387
22063370
12053069
68202279
11977966
49700070
86183428
32298289
39365612
60505230
77750083
10459825
37483054
40487790
31953790
90819883
82156250
14074019
48433874
28983048
84410710
73567204
12864905
77216067
76078679
45819747
14395886
16818485
52123264
70484189
15577076
99422428
47160726
80213869
92264585
99453583
90925192
39079099
82600660
51820784
96602503
91742139
35434209
42366612
67987813
34060489
70094286
53786535
95937375
75779078
68811495
43436628
63119698
66154684
46419494
71958783
28590266
25778252
38075352
66759603
87653378
11145876
57709078
99388774
24913979
87128411
97762724
92228621
71594302
26059042
32432479
16366992
18993385
89091592
80539705
35652787
83456577
67480227
66246956
90172320
36177447
87992728
32938397
31462711
51662763
88955127
66992661
17175042
36935605
99215726
81421288
16946566
83533227
85316704
14931040
69238517
31950534
82404679
52967973
61271261
46818963
90645317
18499741
74344427
81230392
95659657
41806683
33319738
78294836
23240999
83297146
68130676
29954760
16532342
29601977
50268191
92254878
85355582
75445873
84369148
18648704
22816482
56164023
54197687
20975399
13296196
52606958
68891711
51668445
31060311
52638121
33287968
74630148
11530986
52747920
12514978
62638956
74919244
28482518
90191070
45848773
89205386
33090713
53292942
18353541
57474530
61830698
11420652
62275219
60935497
22887274
83308152
89859290
65155792
53763568
20598341
28840271
39243545
55736242
49055812
26925738
66285602
18582240
50013913
72306868
15736973
47937075
48598173
78711846
97604834
66510968
25239584
83939682
18251641
73827936
62563308
94706665
42497837
51429061
23967815
35986254
30462218
20173729
75559264
25991182
87464595
17537095
53586933
29999324
47448282
14027415
83770823
52145243
93743100
60451620
76939633
38148356
62293120
70600044
75989858
44098214
64012882
52971004
45519865
83038098
17304604
29849936
38685144
17156825
43393561
78780366
38188729
25301344
11820000
41945908
98345591
13256443
15845171
65087852
10790024
50339512
88174785
15961834
98652340
90046469
19423459
89361225
98630538
55479497
23836889
48362293
68962833
32146813
52456674
88584980
56629447
22099642
16001477
93447739
69539284
32662868
73653427
33545415
67776197
71565929
58785838
27342346
83481954
45875865
79663699
85979374
28765371
35444044
91717431
79902404
71362812
63446341
78802596
25288417
41995333
42456390
32929140
51707332
95136364
72756959
52217988
31796515
90087394
38707272
53586287
17622351
93261195
63345998
70295309
53669856
83421062
55025074
71736546
77263809
60153784
16042673
95352644
45274368
28945383
82792584
49876898
46324610
86906362
48237919
96620980
49573507
54015895
40147150
24442677
12438789
63170871
83296644
95365411
15123432
67365815
58499538
58371331
10895414
97451546
11736938
83680819
90418258
96400469
87927657
10917367
88795623
32324502
72648618
16640158
79085860
81667510
33561286
93518615
94440604
26965349
99166625
66054248
86796513
48464705
28299789
91920983
40111061
50138692
11382753
85433087
68676672
85607786
66725692
94491717
53636165
33657674
25612532
27857700
64129953
46851053
87160006
74568872
98083951
81024643
38823107
37835381
97649733
35587943
15104100
26486401
82060059
40800512
63750757
37367923
33248778
26452546
96036775
42676208
66664285
63174572
18309001
37296822
77140278
21636178
50354311
34106261
40127926
76789884
42803506
42309842
73543328
35686813
12438492
33778878
22129674
74038144
54943976
97474554
79776265
80625350
90560624
42228032
31163848
88009252
78829293
98372081
25821836
51414869
40107776
38087076
27727901
41754311
71559001
64319209
21880341
65098752
86991310
38623384
19941924
77321072
93490134
19345251
23085751
28626979
57822882
40555701
12538357
29685008
14387672
81991111
63118679
73898285
15556161
34532093
61908888
71786143
91043309
52396063
95956464
69543400
10285446
16030419
93082577
26623075
65301713
63566010
99087180
46241914
48873856
31744722
51595884
97880383
42061246
94997918
42168264
26289808
35537729
67062472
98599258
29394800
60490994
52678241
69275393
45246864
82160050
81675160
29201791
52230818
79476089
44249120
28896633
49163946
52521238
28132950
60017306
89098005
45701872
96016162
46454824
68380958
99504013
91634542
55290585
31250133
32472955
17324511
63963660
95578055
93588538
86270402
59881209
22079958
73870025
22856530
42511167
50539370
14834358
67611345
39821517
47524762
76509500
54321844
30507852
51913090
69333626
82110710
30502113
28344535
80438476
10648544
79781606
25994368
77682490
74976185
97234704
56064467
55668993
44158381
93972371
36927543
89176716
44493501
93129980
21384646
55155826
66977627
41393718
94526179
35800348
15302754
43788189
76247976
60915753
11170990
58146113
42383397
38896077
15581209
60470998
54114339
15635211
46215857
26672624
37567865
27403114
44023362
48024948
55972622
36352700
18692623
10533774
48094218
17593897
80789392
24866511
92269772
61352110
85966468
13246866
73779986
69846716
29100979
91315602
56920816
31732234
41798482
86009680
65697935
46424314
28130992
25904739
64885774
36485784
49101134
81314850
18562382
68607576
88689099
35068610
25572887
26099581
62147549
87257996
34749447
99332998
97226223
71615412
44719516
62839340
65476439
21159633
78572970
76353360
43974542
40698631
94876742
41803413
13135660
63672185
82243784
27987159
30336785
16946079
35231186
68051826
75243149
27034020
71525012
98042931
67654727
37709698
11633664
45426977
37358244
65182206
84712240
75460516
32967020
95265337
20433766
45524055
72386018
11191590
34497686
17268249
54304434
59683754
88200061
22040518
84855469
71713648
99817253
61191586
14884680
22039992
77430790
68880051
97865372
79724734
26046675
55272436
99506554
56001726
16043235
66431027
86897210
77078823
84364349
61007447
55920329
16970244
22237339
32299327
45388229
48567684
79763241
56860815
36384199
79410993
93050248
15125692
67239645
89743659
55693222
61306160
61962743
61407248
93356064
42991638
39329045
31437880
93688515
44222034
54549758
13864631
25148062
74333597
54572086
37514162
94271099
12852549
78873833
19087356
13904352
73119970
53135803
67496449
69906625
11562689
47466802
82913240
71429427
38651520
56693691
51595731
68434027
13875986
92662610
47274902
81835868
46873383
60957603
17542142
43179989
76867626
56264731
14284552
29405840
87520649
80071624
39943186
50893939
86071940
91771750
28992900
86488096
67898094
62926346
58227658
58181694
47145742
24971443
10579476
58415071
54637265
92174564
18710746
34190859
49420590
67421399
12046131
80377762
13018308
71824379
99656908
29541765
27016208
53871796
96327094
30665840
31613787
92149219
29017284
99763243
90559533
11250235
63732874
33733216
55155116
70688877
85112744
79329181
58078992
19223852
35201179
61375482
91058595
89171586
66148175
88847431
99554075
77049089
67249299
36286482
75337099
54100978
15911018
99595791
22441727
62853324
51191487
10173390
92357374
49023807
29630816
61880337
91579149
35913266
61846185
69365518
80960955
24760395
61854550
81741164
42224859
88053409
48403346
86458392
45701963
36348510
33715785
40002922
53965951
64427258
15128361
52757252
28091275
22454456
24824617
60438846
92302229
51350624
10430361
58416042
32555184
39846179
32202435
17669847
51689852
90025144
19063647
97154174
26613683
50035220
49505364
30675726
80269785
24616353
43730390
57697448
45523439
52574678
98890739
83434547
46396919
98693608
81746185
99891924
81665980
10744894
75580856
74299446
66868817
85936646
93859929
14831718
90753843
46555008
13942025
10641250
75873979
92679942
76059530
98493131
85790408
57443539
87783368
29464106
88433262
79982038
76047584
96286530
15479038
17147378
90743382
54946816
98648480
37959583
64093109
72888921
56457114
44520642
89394852
44634995
87205695
46129133
86962331
62389846
90672988
35960681
80722407
25216927
95745056
89060775
15905074
88106309
71961572
99149091
40698527
56760677
51255141
23188960
86658603
15892652
77849276
43974610
40669671
25774402
28368862
76926586
31924915
71577797
63550736
95329275
21826276
58904077
83755326
17211188
61390054
35112644
15703644
62390014
52071868
98838169
21395729
15490957
97475100
88484215
94045522
17880676
94003379
93431528
47977019
93344588
15295106
69844321
99742673
48244064
19103021
46960795
82426925
83918111
21905904
10386088
87703339
73582629
89782592
78338309
56611815
23640492
90323685
52959317
71261814
25743382
71393541
49113389
31297085
27740546
29123320
26116759
36853262
25289506
11000206
57993720
67624011
32380209
41032364
56051518
46257690
59488372
92159135
50186832
71553312
24988604
83558544
83433232
93155656
13598853
35665722
34907682
50977887
45913993
96072907
26108284
52448658
51091775
31145572
44649400
98805514
71205207
91949066
19730502
16771090
59313273
64612995
43514938
38117001
51851655
47496814
61486884
99245326
45645159
68973998
47156803
97758267
62619330
30370212
88152203
46301033
50662737
88159290
24950400
26719811
10612825
73270355
36359638
34506238
40566992
89849310
87222904
17696867
73643985
52864451
85847261
99880747
47785812
74951476
12013285
27872827
54120077
64865310
86533174
99856193
36403824
45794317
22085915
20189592
72316403
65302839
19146812
89417702
64849752
20028608
72344673
57688372
49175409
42193297
27716343
45669188
14892308
83523817
18569005
34283428
94032888
39645720
94148438
17899582
65478760
17029835
64719468
87429199
16662946
39207231
77431955
90184936
85271320
59744723
40356556
44288502
66391570
16509553
79487773
66475731
36276559
88578966
86493798
42140602
49626791
41503243
44630549
58975753
71747069
65675423
59313003
11502760
74981805
29431616
48911102
61991516
58445939
19120755
64839079
75741140
61401065
46554590
60600652
24461228
14830860
32912136
30626344
22664551
56080805
91222867
60555245
19796961
62283567
27546551
52595027
86488705
81526140
17163507
15012386
32196001
80821946
28936160
66084260
72361826
72666379
78751736
59337608
43378642
62594192
61878128
79097495
88460741
79331991
65820877
25228866
43205410
59721681
43280209
10075218
13571301
61471000
55248768
38122148
52720154
30139089
84439916
25557477
47531906
42691160
84699081
89473898
58165230
44794147
97406003
49498418
36510161
52531718
23073754
91693187
43126694
67908454
62122110
56298852
98221985
39726033
48043328
48017571
44136684
83175578
20859432
43740777
32007223
36699470
75106371
38663714
74829440
82432840
84622173
32608916
33747037
29602814
50535402
31604094
65091802
83508749
50189801
42244053
97749444
23864036
45024556
92759962
93215349
39043702
68490883
79151691
65060341
90451436
83641111
78078183
89066631
45832188
41341334
39166935
22995773
42146466
16472746
80515734
71176495
25518291
36051891
29212905
63512033
58610071
78390936
24854525
55290495
37196866
71452368
16263833
30874769
30748979
64173415
51496377
65700866
11116879
79569959
72526808
23116845
89634003
26583598
38168810
69826678
85467488
95364358
94877985
98499567
63851883
28776431
64819504
50270169
97078019
72814831
93485612
72762875
22044989
81046126
92705906
80820369
94898039
95222224
55420005
41321141
43046931
67144564
89310086
59039296
44736669
69087617
17733569
80425557
48979369
66393787
43499751
77620107
74918721
17077374
23596480
14201188
49243773
81393538
61571837
84176127
30330304
61084510
48263364
39394422
31147436
14650593
60178879
45943918
21044631
49605803
18387763
42272929
98176523
62683080
22605682
88055609
22377040
80556709
43097371
51207206
92674825
98007503
89959042
53433229
60144160
42173565
82458546
64619703
25365266
91896848
10031344
63015307
35778152
80819510
59469712
55569966
62528993
52322803
77563516
14495021
19844265
20989870
17453313
85734423
50583106
53705407
86647275
23501749
54424248
56312543
20882114
92084060
31035668
25550789
82706606
44574623
38921826
78549100
17855413
78370126
84183167
42186089
41286958
83576473
22596107
66127472
60712029
26252329
89548310
66012335
10728582
49629365
70391690
40509383
24565398
62114549
31691287
21170752
48932353
58997882
21891265
32793393
77720521
79651238
57602303
83934427
84388240
17234181
17281156
38538368
34576083
93751788
74342935
68482182
24010129
91776636
57745635
68877358
50438636
39433777
93099880
70774358
84584279
23957536
99794992
54524144
73209478
18617912
47184503
84207264
63032117
33581553
35169090
27103971
62917516
22863854
64751494
88264925
59386183
84113922
60070518
52151202
56103004
99484979
47437412
15262858
11353300
93355233
21587025
96677537
85452525
68636851
17125360
11499202
62026480
35744509
13589911
45138572
51605580
85305437
37124863
22036379
41912858
25738908
50513065
29156589
20538602
47038388
58619746
61997933
11906185
75511378
38829053
32458336
65944661
63886729
63067586
91763022
16695701
69114912
41365895
76695828
10011797
25725202
86413350
10570666
79336324
78958656
22613072
24282699
60237092
34703214
86183221
32101259
83154980
96729639
65317592
63734966
96981381
41146688
20449029
91552807
11210258
42434049
37512541
32619006
13084732
36581640
31731965
12601290
96774445
89350541
29821113
13173453
90008281
65383661
42330388
60029056
33686966
80184799
79376814
51201473
10426498
77586344
22926849
11393231
78643124
54299630
34958789
86322231
75671589
34390450
68434559
48467728
42959079
54271028
23297232
74847820
95428537
96853826
10507534
86847825
61922148
76574784
77521550
44121337
27849049
10994328
50631139
11702998
74746707
47006754
67580066
53949719
57029724
45541611
64796111
58359919
77910841
74308596
46221204
48769824
88267658
62148581
69309916
82447028
21610858
24368110
58840700
50213792
88663873
54739465
81894363
40815397
10758402
94115357
34120043
48582870
38817064
32416407
49927416
49498424
87829796
61147567
25122998
46947727
22063490
81603370
18658939
78671921
11070650
74663652
86019823
64048484
38967969
54195523
95182639
21741064
30530816
33558932
34273793
95644419
64159756
46862624
68720491
14023008
18568263
13530788
10868240
13170398
89266289
77315060
11275758
17125909
32424288
20232538
99314465
89699943
51868786
35028162
12393902
33899494
62583362
47595386
83343943
99127466
67566670
75917864
53168112
49785751
75934195
45425421
50890843
92014422
87195354
18271360
96251289
53307422
34138737
11242277
67049894
38027034
19092637
47430209
21175368
91398042
57428715
84540537
42131042
67906569
35638838
19360474
37288383
27873607
17844984
96713522
32095501
74808217
53710175
21511227
57190384
51014789
37259620
60379125
22663238
81549162
53410494
28806607
26037876
16083370
14954443
30738731
20922733
31428226
68396907
57713851
18093291
40914091
72159721
93166886
79948620
26253211
19050516
80312661
48013075
65732218
30809153
32588422
13333642
60787159
44838502
99364984
48386914
50812287
66130893
90695168
34645876
72310863
23650715
26654140
80907832
27685161
73625260
93551098
69696588
28805250
22554095
23397905
69406428
33621205
12486876
38409908
50558395
53864982
25712755
54244041
50967140
38375678
67582182
24054420
75849416
34221557
46697355
52032215
59700891
44550361
18274481
73505425
56953492
93314938
76156347
37963707
57275110
37400472
64037524
71208235
54884110
54876442
99158569
41362187
52507170
90944884
48616468
62953603
77479783
52157336
10138458
46958860
85519592
56939099
99582176
83904866
45848786
15095700
56883002
69971985
56879152
40777569
40777533
93564854
83491260
83688097
23233102
47299725
31982552
97860772
80126780
32578664
47940990
12258909
53332296
60170076
72741247
93920320
38132672
22354429
72693096
50744153
30748219
55319044
15935325
84638257
84345994
94347266
47311692
23847725
65699702
82673907
45702291
89440555
40680027
24216022
49436241
13463166
20795264
77141451
79987335
16233154
20366892
88041453
28974208
27873645
86095796
22271860
15955642
96906511
40263932
70281431
69224716
24040649
92995228
30549152
34139029
97636033
93566075
13535864
76452466
71038754
52362418
77256835
17396036
24689366
43808038
12305794
61226474
80787161
33207866
71086363
25549339
51365558
78178161
70209444
17080815
92156198
20036589
53204534
82725604
69635596
81279153
56357169
80807852
53564136
90836804
19003300
46999923
43357659
64952677
68228615
59092870
97711726
71343918
37151400
58303586
15885627
38035193
68819411
68792831
19786215
26978683
41985709
51447028
72812491
33721362
20828981
44452623
16447353
27335000
21378200
73864718
50603163
11644016
58626600
57248499
38599185
78574314
53465673
42086520
81154613
92445151
19577351
48397793
19396556
60568118
93663741
98214119
10136109
54184898
21139523
50316191
32137318
22142761
34342090
83494156
37358379
19906121
79968009
68753864
11390053
75897807
92656062
65811271
50795680
35419313
48345662
84220939
13830975
81705168
41809052
49250660
55872118
37720827
63379848
49586598
65724300
68817358
63599082
70187901
11024350
21691384
28983047
26966211
34121687
85811901
40658416
69535778
48762462
55078561
94267305
41609014
14084932
28854482
86787868
33619460
96853829
60734788
82822053
90358668
38815223
83072756
72184256
83074789
52224217
12962643
46931571
92693555
55921561
54594284
28896342
16045156
52254037
36697763
82871633
37164272
64246459
26892005
87139395
63974965
27121711
24508191
23919032
40061042
37034511
19600662
33778464
46324530
60239737
77300474
34763778
45052939
52615934
63936978
35147307
21179479
78059783
25379784
67593987
17851494
31186952
24041385
13937331
52256636
40343264
49718465
50154529
86528102
19228911
12652585
67236693
64798741
41355471
19096729
71090596
30273854
23727859
10143247
99741971
49860663
27161129
27448290
19677295
50637089
87558099
15601305
46751301
96133184
20758225
54357429
10278107
73389081
36113769
80549210
25370466
64268850
21629376
27841746
77825224
76887093
83542281
20015784
51595451
49410756
98989752
22522678
29161946
70079840
11405381
34587273
42708215
81245210
86802298
20894254
57113476
16409369
40876942
64199204
88843962
81302781
28383100
93161848
34741027
73593196
18757662
38928076
61167185
14481838
52874226
35372183
11621936
32994586
73131485
82425749
40899161
20439755
51898421
46024880
82426941
86461806
57505202
28244881
38416317
36006249
91800695
55626977
30684655
94056243
77231179
82107246
97707718
62487875
55077452
10172494
18537984
99556037
71954889
30696528
56950420
46867129
35913015
26414976
87373641
34575664
21803447
71713853
96729636
11852616
24776490
62332631
75657396
20684756
14742037
86946409
61727768
37783459
40972064
25161358
98544092
54425778
78638124
59938066
47680307
75976662
78274204
33015386
81822589
36214924
45163646
76653831
71093422
10783391
94083943
82981827
63214254
90631435
17780848
20927266
61687180
95716147
86905650
67335092
71292201
26316538
85300179
99536754
87450615
88786406
70970871
14227179
12949714
44372942
74939137
84748294
16943414
57344301
14278711
18095180
36465613
52875191
49834010
21351010
19518673
79875978
54737416
93544327
98414078
84644734
22231360
31212493
28422219
67100520
58017697
29284649
60153629
82279976
66194820
52150650
59165772
20022585
76310110
63049404
25606070
74962319
12126274
30034493
18481772
18174901
78949352
43009331
70443593
92164043
70218747
22901276
65177566
33829965
88190142
39593281
14486294
44798627
67326618
40554948
32303258
25601823
92899616
66872553
93591556
86969488
51096503
35337379
21444292
78434996
80290231
76185962
60432186
33303827
43211657
14456483
35613739
93160011
22735386
75360027
56942915
34784309
51604831
42812586
92129844
88045730
14756273
54076014
56144495
70497908
39816708
85102609
95268547
98228110
41406703
28031407
36083513
16889972
11668275
42424058
27064694
95056503
65683024
26304060
41848723
96574895
18794595
96161953
35160964
36316154
85769920
94636810
73821885
25450135
86416380
58036234
92428459
78570475
69712505
45689180
75179903
30490737
28701505
47559235
37546587
25282047
82476060
37651556
65797187
90686507
83229603
62778280
65062157
29414384
42520267
26216677
72381428
91351095
75928032
85462696
52553208
39711839
26269278
63714308
12141293
47283613
49150691
33925001
44386442
19114625
68976729
96137512
83990064
87733677
88397603
69954088
96293909
14846557
22157836
28009700
46492040
39474640
43583039
80995992
24768183
18906769
22219259
72206204
37655070
58692250
36444395
77433652
44481771
82190742
63599938
69037125
88254506
64736993
66907221
65304303
85503482
93097220
67908470
89970489
95292621
17353303
34551281
85447854
66886403
41203774
81978710
29301677
93767010
16088385
26213797
35147788
48258220
77560517
10978837
36496995
65259807
48022508
78914642
22900946
41492523
59107850
11821302
82855398
16804861
22649648
17873270
32518964
70831436
17678597
25167919
20729016
35187360
29875639
43558905
97591234
14897070
43651433
71579146
70455962
41223463
16902517
32275573
73622720
47255537
61537504
69274780
70791954
79861600
73452508
68058600
42209566
78983702
47588063
93088528
94098471
90544230
96318973
10694560
13237893
75878500
75651670
12955061
54804290
62208389
17739666
36595697
86090774
15743153
12400607
71595330
14529435
58612694
58245483
44237646
67827492
98027110
82009124
46106168
83008527
36450207
13966137
88061957
98464375
32714207
84235455
73354699
13217981
84744972
41109792
84044039
38616131
45088348
64902009
57062577
44386550
78536763
87954666
85107793
66882334
58811474
54815877
36700595
60365679
73156485
65652462
91256500
62359418
60875257
19264974
14887374
32402469
20891389
56894657
70782748
67448201
95746368
16104623
32141083
59262023
91438312
63599531
41265821
14318062
14015257
83489459
55382125
73800559
82751947
37730293
81571855
67196723
33678329
94291089
84980579
39964620
16522441
56785034
24020351
71201334
50506914
17862865
79607940
91610655
47768963
16904719
38604535
72591317
86363422
97291436
80734395
52888391
73321527
91308435
21948177
14529502
69687740
21684505
47982769
90990511
99298624
85653010
17619876
53469267
51366819
42894769
73530731
27271255
39422371
88501840
28290375
12321970
70711439
95731252
86594836
89833557
75374191
33198913
39690845
62509544
64428381
19508379
95450538
96437855
29742669
41185372
47215685
31704879
10915585
47783321
58392870
36603814
88358544
63604202
49901039
50353146
92774862
79519009
35061586
62481728
29797680
39437711
25465320
48486299
74815897
15821945
98000605
58334224
60737332
93703610
76292555
93527675
49516877
84443792
67793087
32067249
22528009
53689087
52441307
34700444
64709263
71899465
86046458
27544596
83579659
88788663
99247658
98321689
73860295
88675000
40667376
99340392
81055388
12074424
49716235
72589982
33920861
70087167
74577924
53994013
22185108
83868815
59961991
15602938
99033025
27902185
31486403
51619892
39755943
74708439
48255761
16696008
37386480
67428724
87538089
94880943
12888175
63569893
88713149
74373475
65715061
51435224
68349380
95398986
21696060
97787774
57134581
25696584
18777359
72526693
37049760
83377160
50964335
26103125
16935863
43323262
87949163
93827178
57221068
99994147
13828614
65214258
93222089
15405266
24019341
14714787
87968045
40793345
73603575
71355864
65250876
27535259
28054859
15272240
38534053
60340517
84241073
67139473
88442398
65957125
13108535
16830336
24612116
35501448
72954467
27012963
33180187
53879735
19305044
49061934
93131914
86127881
44415127
64150380
89955973
33153613
40503178
66460759
14971959
93237246
54175387
78750628
74329160
94851976
30147259
37357707
68682322
10678786
29342184
95529102
76521544
73266626
18718132
97774062
81841704
13270073
23154577
98375074
84650030
60814142
60653537
53627786
47525688
48124110
51521050
76457656
66636920
35328129
44580079
88601530
32015856
20519172
41491082
31695371
71409282
33100786
34179164
84414053
83562358
30934815
45202700
23577163
33466222
78242714
62709387
39520787
81120299
53131198
10655084
31564588
74082693
36704963
64379003
33888001
44602822
78163957
64279394
42170225
85147639
70350866
75132445
72298162
70350388
88807447
23155275
82118841
37961043
52697044
95442590
99574939
73727423
69862778
74729704
82476976
67164502
64053932
80144248
53404199
22448657
43674047
34636952
44764984
86506747
67795752
54064868
27576049
93825649
45898507
22588602
74165505
85500358
11444649
71651484
62961576
35143173
20535076
32595002
61446940
63840423
63237268
47384409
42841725
64953860
12106267
46787775
78402075
70031735
78262687
13850516
40071816
62890536
75008997
47932385
52115730
45864709
83752305
34623799
50543124
97101409
15470774
58950978
67117678
81085195
56396628
95142435
98683634
76532485
44049752
93162554
70385955
20273700
86639434
30750292
81298381
17330878
85918369
28639895
15262974
29551166
17045280
28033173
35841907
62090966
46457008
18221829
38982685
45493674
74531963
22323308
49778761
93361422
93193123
66887321
19971979
71568621
95489402
44857052
36908404
76479327
85148151
22483749
99470025
44715493
71003983
87993555
44785494
19996968
12703672
62321060
24174565
77545338
58675064
39895042
49433873
67464619
90010527
72329933
95532954
28280336
74747000
74335799
93282424
56984592
63851569
45730409
90649028
81363166
60163966
89846482
99682341
28522068
39426627
12927761
68398366
60492602
70314328
80680449
91652632
84843194
76718968
13684518
21600782
32697775
74892247
52316618
60483073
55346814
93750127
52861859
33755681
64680485
99827475
74531479
24833702
91828532
15040722
71215199
38538658
10892048
46573773
67637999
78433103
12609045
72117908
33243739
67871995
91791557
90388671
22042412
95817363
86527687
90490264
97146982
72560858
98090007
32787778
81397224
47887030
24275526
37541268
28310383
65658678
15808809
58740903
11692203
82371926
26433655
98434779
90157003
58616165
67783377
81880887
26679762
91783694
73128008
57551813
43507606
72420842
78848969
41372536
60695502
42311241
15288240
60790147
49836737
94709986
75497440
58262438
44194539
38827293
20669203
69842501
42122642
41093457
91570232
73983338
23255726
64388461
43556554
98963176
39202929
17469116
62568638
72275825
72531419
69367220
80409349
73157596
10582747
27303728
81309496
71615123
19150285
31993337
66773290
58915675
49284190
70715090
29966658
22531957
98549674
20300607
33651931
26002129
75811075
15271323
13942922
94102892
64601542
25243787
34417781
18024984
86952260
25318685
25894613
53964148
61066034
69191864
84867255
90973121
54145664
60154082
54783211
21897260
56503062
57093644
57652694
58163526
32917435
45196077
79861949
56063764
23931094
