10000538
10000904
10002614
10011797
10021066
10029290
10031344
10047727
10060345
10075218
10079525
10081824
10097475
10103637
10127309
10136109
10138458
10143247
10147714
10172494
10173390
10178211
10184849
10190905
10195231
10200159
10229629
10252912
10265937
10278107
10285446
10298438
10360588
10370907
10373880
10376069
10386088
10408114
10421319
10426498
10430361
10436550
10459825
10471340
10474817
10496545
10502296
10507534
10517401
10518621
10526270
10527454
10533774
10544616
10549005
10551796
10557362
10570666
10579476
10582747
10585194
10607095
10612825
10613808
10618217
10630234
10631010
10631584
10639969
10641250
10644257
10648544
10655084
10677339
10678786
10680598
10682745
10686920
10690058
10694560
10699658
10702738
10703692
10727098
10728582
10732433
10732880
10744894
10748555
10758402
10761335
10762070
10765696
10779406
10783112
10783391
10790024
10790634
10793800
10814134
10830779
10856849
10857715
10868125
10868240
10892048
10895414
10902414
10915585
10916196
10917367
10922875
10931751
10938176
10978837
10981431
10989125
10994328
11000206
11011594
11020084
11020109
11024350
11030834
11034684
11036755
11041185
11041925
11055940
11062743
11070650
11072285
11073926
11080174
11083960
11096972
11103984
11116879
11134016
11139120
11140417
11144144
11145876
11147153
11152042
11170990
11173501
11173985
11187184
11191590
11209841
11210258
11211551
11218668
11218936
11224652
11242277
11244613
11250235
11264297
11268946
11269807
11275758
11281439
11292845
11297821
11309889
11312640
11342870
11344580
11349081
11349269
11353300
11359333
11369015
11370548
11377549
11382593
11382753
11390053
11393231
11405381
11420652
11430343
11439308
11444649
11455703
11458477
11499202
11501291
11502760
11507863
11515684
11521217
11530986
11539454
11553140
11556688
11561190
11562689
11566898
11569627
11574391
11588897
11605371
11617840
11621936
11633664
11633878
11635540
11644016
11653220
11656326
11668275
11677786
11679703
11680763
11692203
11702998
11708314
11724089
11729697
11736938
11737392
11740882
11746809
11759621
11759770
11767135
11787721
11796825
11820000
11821302
11836170
11838421
11838833
11852616
11887280
11900056
11906185
11933072
11956038
11968405
11970909
11972079
11975977
11977966
11983430
11998666
12001947
12007040
12013285
12036764
12046131
12049140
12053069
12074424
12075843
12097451
12101412
12106267
12112212
12114033
12123588
12123733
12126274
12141293
12161952
12177984
12198801
12202239
12218873
12230954
12245960
12250783
12258909
12260091
12263368
12263373
12267359
12305794
12305913
12307583
12320810
12321970
12361756
12393902
12400607
12414068
12438492
12438789
12439973
12441359
12443695
12446689
12486876
12494138
12500058
12514978
12538357
12543326
12554458
12601290
12605305
12609045
12612116
12622771
12627619
12647147
12647375
12652320
12652585
12677228
12686643
12697612
12699229
12700571
12703672
12722402
12731460
12744655
12763197
12763284
12768720
12775950
12783624
12786301
12790192
12831625
12832774
12840450
12846216
12848855
12852549
12859533
12862985
12864905
12884948
12888175
12889274
12899424
12906889
12927761
12949714
12955061
12962643
12967401
12974721
12991041
13014984
13018308
13044855
13061997
13074327
13075298
13084732
13086935
13092896
13107174
13108301
13108535
13135660
13157082
13170398
13173453
13176675
13187902
13188875
13209073
13217981
13224547
13233830
13237893
13246866
13256443
13267230
13269263
13270073
13296196
13311264
13333642
13343830
13350901
13351781
13353668
13358337
13374823
13378049
13391967
13403143
13409777
13427460
13453587
13454212
13456466
13463166
13477491
13477559
13484524
13501656
13503382
13518131
13526795
13530788
13535864
13538738
13557500
13571301
13578809
13586497
13589911
13598853
13610796
13617050
13621642
13659891
13662303
13676854
13684518
13694958
13696760
13709782
13710126
13714372
13729825
13733369
13735250
13737041
13747132
13761699
13802352
13802517
13803251
13813686
13825183
13828614
13830975
13831772
13834604
13850502
13850516
13852139
13852333
13864631
13865965
13874607
13875986
13884816
13887634
13904352
13937331
13942025
13942922
13959250
13966137
13967679
13981277
13989191
14000479
14010747
14015257
14021260
14023008
14027415
14028454
14035523
14040792
14060914
14062501
14074019
14077482
14084932
14100209
14110477
14111635
14112276
14113615
14133449
14154851
14154885
14157586
14167010
14171134
14181686
14201188
14207720
14209072
14224139
14227179
14231330
14232156
14261135
14270280
14272000
14278711
14284552
14289277
14314093
14318062
14321535
14327479
14331261
14350479
14377072
14383708
14387672
14395886
14399601
14403294
14443390
14445294
14454232
14456483
14469383
14481154
14481838
14482282
14486294
14489103
14490888
14495021
14502982
14512625
14516095
14529435
14529502
14542531
14554128
14566985
14598030
14598248
14624376
14626283
14641299
14650593
14652228
14653049
14658144
14675042
14676856
14679462
14682424
14685006
14709809
14714787
14739079
14742037
14754528
14756273
14772271
14772367
14774898
14778581
14794654
14797338
14799907
14814015
14820814
14821611
14830860
14831718
14832819
14834358
14846557
14848455
14875608
14878698
14879298
14884680
14887374
14892308
14897070
14900532
14907577
14912700
14918776
14931040
14932959
14933784
14954443
14957838
14971959
14985870
15003736
15012386
15020175
15020854
15021150
15026094
15039323
15040722
15046983
15066525
15082600
15095700
15104100
15114231
15122753
15123432
15125692
15128361
15132949
15140024
15142474
15149969
15159122
15193311
15262858
15262974
15264724
15271323
15272240
15288240
15292503
15295106
15302754
15317626
15341697
15341710
15343631
15353009
15389340
15405266
15407088
15421385
15428037
15434562
15442471
15447395
15470774
15479038
15487498
15490789
15490957
15493090
15529430
15536669
15546296
15549165
15556161
15565514
15565957
15575562
15577076
15581209
15597116
15601305
15602938
15608696
15623583
15635211
15639413
15647266
15667405
15675180
15684864
15692895
15696243
15703100
15703644
15736973
15743153
15798463
15808809
15809080
15821945
15826157
15834539
15840642
15845171
15857196
15885627
15892652
15895541
15898046
15900614
15902902
15903345
15905074
15908604
15911018
15912751
15935325
15943148
15954580
15955642
15961834
15966192
15976323
15982568
16001477
16009272
16014006
16030419
16042673
16043235
16044780
16045156
16051617
16070497
16083370
16086297
16086866
16088385
16095124
16098301
16102592
16104623
16110273
16119273
16121785
16122261
16123390
16131457
16169637
16170069
16183730
16189721
16208132
16229213
16233154
16238920
16251334
16263833
16302358
16306250
16322770
16341940
16353995
16361135
16364934
16365199
16366992
16397566
16409369
16418492
16424874
16438512
16447353
16472746
16476636
16480444
16481883
16483064
16506597
16509553
16509883
16522441
16524407
16527955
16532342
16572386
16572490
16573735
16584129
16618859
16624773
16627809
16640158
16652819
16662946
16681636
16691170
16695701
16696008
16696714
16724559
16753253
16761296
16771090
16786769
16804861
16813946
16818485
16830336
16836310
16847384
16870914
16881996
16889972
16902517
16904719
16935863
16939919
16943414
16946079
16946566
16955058
16957937
16958333
16965921
16970244
16986603
16992829
17005475
17013149
17029835
17039498
17043952
17045280
17051330
17055184
17071672
17076292
17077374
17080815
17100008
17112380
17119472
17124673
17125360
17125909
17145944
17147378
17148208
17156825
17163507
17173738
17175042
17184062
17190800
17196393
17197333
17210634
17211188
17216607
17229497
17234181
17268249
17274414
17281156
17287041
17294625
17303724
17304604
17319115
17320990
17324511
17327603
17330878
17333863
17349269
17353303
17375445
17387235
17396036
17406518
17416071
17429630
17441580
17447479
17453313
17468549
17469116
17473056
17513581
17515358
17527046
17529608
17537095
17542142
17561384
17568505
17577588
17578427
17593897
17608761
17610085
17612724
17618936
17619876
17622351
17630019
17661491
17669847
17678597
17689996
17696867
17724479
17727600
17728773
17732109
17733569
17739666
17741786
17769497
17775273
17780848
17781871
17793748
17844984
17851494
17851575
17855413
17859263
17862865
17873270
17879901
17880180
17880676
17891291
17899582
17924901
17929325
17934050
17936203
17937204
17940532
17948441
17949304
17950862
17967487
17976128
17991506
17995767
18024106
18024313
18024984
18039778
18055967
18080960
18086203
18093291
18095180
18113319
18133416
18136003
18148293
18166074
18168670
18168810
18173094
18174901
18176179
18183086
18191298
18219022
18221829
18239938
18251641
18262621
18271360
18271635
18271999
18274481
18283100
18284073
18309001
18314407
18338993
18349648
18353541
18354810
18356111
18357290
18362970
18379257
18387763
18393646
18402435
18409357
18417193
18428646
18429515
18434429
18437225
18438928
18453045
18456705
18461748
18481772
18485278
18499741
18507496
18515577
18518510
18519971
18522788
18523936
18530291
18537984
18562382
18568263
18569005
18582240
18584582
18586388
18587708
18617393
18617912
18640388
18647174
18648704
18653328
18658939
18660928
18677600
18678774
18682149
18688788
18692623
18692809
18704626
18705250
18710746
18716149
18718132
18735208
18741696
18757662
18767525
18777359
18781484
18784512
18788991
18794595
18822244
18840921
18846418
18847796
18863021
18874191
18883263
18884787
18888709
18906769
18927198
18929743
18946009
18951096
18959198
18969770
18971869
18993385
19000466
19003111
19003300
19030429
19038801
19040597
19050516
19060154
19063647
19070041
19071104
19087356
19092637
19096729
19097284
19103021
19106940
19110893
19114625
19117452
19120755
19145389
19146812
19147287
19150285
19163349
19178852
19194171
19196410
19196622
19204864
19213937
19223852
19228911
19234917
19238058
19243897
19256441
19264974
19267764
19268322
19291373
19304916
19305044
19306405
19329932
19331413
19343798
19345251
19358605
19360474
19367531
19368429
19383239
19388591
19394850
19396556
19404359
19408371
19423459
19432352
19434272
19445926
19458608
19461747
19461790
19467728
19480193
19481866
19487382
19487638
19493708
19495035
19508379
19512164
19518673
19523292
19528864
19542953
19549515
19553480
19577351
19583043
19600662
19609198
19618443
19620524
19622620
19628921
19642563
19659579
19660514
19661055
19677295
19730502
19736464
19743404
19766833
19767897
19786215
19796961
19797322
19820546
19838241
19841951
19844265
19845796
19846218
19860621
19867778
19906121
19907763
19908432
19941924
19952502
19971979
19996968
19998389
20009622
20015784
20020010
20022585
20023372
20023546
20028608
20036589
20057502
20062487
20121673
20123608
20148316
20150095
20155794
20173729
20177767
20181002
20189592
20197019
20200788
20200814
20213647
20232538
20236289
20243506
20256893
20273700
20299295
20300607
20319907
20356892
20366892
20375668
20379519
20394815
20419996
20428276
20433764
20433766
20435505
20439755
20449029
20461860
20472433
20476875
20478605
20492819
20519172
20535076
20538602
20540523
20556308
20556753
20564520
20565876
20567523
20568534
20591243
20598341
20600616
20617108
20620871
20669203
20676898
20684756
20687956
20700320
20712294
20725301
20729016
20729700
20753614
20758225
20762335
20795264
20803458
20818564
20828981
20859432
20860092
20873618
20877973
20882114
20885396
20888719
20891389
20893491
20894254
20901333
20901364
20904518
20917152
20922349
20922733
20927266
20954063
20968207
20968259
20975399
20977398
20987792
20989870
20999841
21000812
21002475
21006321
21009607
21013547
21027592
21034678
21036036
21038615
21039694
21044631
21047315
21049888
21071196
21084720
21086629
21092864
21114890
21135408
21138655
21139523
21142234
21159633
21170752
21174106
21175368
21179479
21188502
21209543
21213479
21214294
21214983
21216705
21224567
21229447
21242101
21264027
21307153
21313738
21343857
21346208
21351010
21356801
21357128
21359644
21363420
21364856
21369681
21378200
21379127
21382276
21384646
21395729
21399067
21404861
21416874
21438116
21444292
21457042
21460601
21463195
21470740
21479956
21495526
21499667
21503401
21511227
21512596
21541550
21544846
21550097
21569775
21581280
21581341
21584006
21587025
21596100
21597180
21600081
21600782
21601751
21603640
21610858
21629376
21636178
21684505
21690762
21691384
21691937
21696060
21721432
21730456
21733025
21734408
21741064
21747678
21747911
21755989
21762591
21771572
21803447
21805517
21812857
21817067
21820885
21826276
21834021
21836947
21854474
21861063
21863741
21879970
21880341
21881712
21885182
21891265
21897260
21898369
21905097
21905904
21928250
21931616
21934151
21948177
21957263
21963373
21965830
21972371
21978729
21991170
21998506
22001034
22005435
22020273
22022630
22023436
22027075
22029622
22036242
22036379
22037725
22039992
22040518
22041293
22042412
22044989
22063370
22063490
22066386
22079415
22079958
22085915
22091582
22099642
22129674
22129811
22136959
22140113
22142761
22157836
22166068
22176564
22185108
22189428
22213994
22216563
22218235
22219259
22226721
22231360
22237339
22246839
22249475
22255326
22256171
22256692
22264161
22271860
22289053
22305237
22311823
22323308
22334906
22346872
22352187
22354429
22354487
22377040
22387653
22395376
22410541
22437130
22441727
22442446
22448657
22449587
22454456
22455581
22455938
22457030
22476520
22483749
22494682
22521819
22522678
22528009
22528456
22531957
22554095
22561919
22578595
22586892
22588602
22594936
22596107
22605682
22612933
22613072
22646852
22647120
22649648
22663238
22664551
22679474
22681826
22708481
22735386
22743362
22746574
22756988
22766762
22773871
22774496
22776498
22783413
22787078
22804213
22816482
22822913
22856530
22858601
22861783
22863854
22864249
22866182
22867973
22873506
22877917
22880841
22883374
22887274
22893365
22893369
22895500
22900946
22901276
22921824
22925062
22926849
22943951
22945477
22962381
22995773
23073754
23083742
23085751
23095879
23116845
23118316
23119312
23128849
23131382
23154577
23155275
23173269
23175979
23181657
23183156
23188187
23188960
23199939
23233102
23240999
23245002
23249304
23255726
23270732
23297232
23323461
23326691
23331610
23333891
23336766
23350539
23357297
23358669
23393479
23397905
23404052
23404723
23406589
23416699
23425344
23496540
23497661
23498377
23501749
23539955
23556094
23577163
23577414
23596480
23634532
23640492
23650715
23653394
23670693
23678326
23685953
23691749
23707278
23724795
23727859
23776574
23794674
23803332
23811610
23827675
23836889
23845209
23847725
23860355
23864036
23865836
23877552
23919032
23921062
23931094
23944774
23955225
23957536
23967815
23976664
24009600
24010129
24014018
24017848
24019341
24020351
24040649
24041385
24048415
24054420
24054833
24055560
24070157
24080953
24082236
24103220
24118157
24123793
24147609
24151200
24155038
24159523
24162770
24164339
24164820
24174565
24183538
24199316
24200040
24206552
24216022
24229716
24243425
24272479
24275526
24276795
24282699
24294414
24316280
24322571
24326507
24332991
24335488
24338060
24340008
24349540
24368110
24372563
24422357
24433733
24442677
24460633
24461228
24468681
24489353
24508191
24534340
24552322
24559423
24562805
24565398
24565409
24575481
24579385
24588276
24588970
24596076
24611376
24612116
24616353
24628861
24630748
24632436
24658122
24664996
24676220
24684285
24689366
24691428
24718425
24760395
24766624
24768183
24776490
24824617
24833702
24835656
24853582
24854525
24856083
24857630
24857960
24866511
24875601
24906119
24907212
24913979
24944505
24950400
24952250
24971443
24988604
24994589
24999648
25005499
25041318
25042025
25058973
25059957
25068370
25070394
25083740
25090673
25094681
25106754
25109975
25122976
25122998
25131013
25132021
25137561
25138439
25148062
25153983
25158601
25161358
25167919
25174169
25195947
25216927
25228866
25232872
25239584
25243787
25248319
25260306
25277639
25281853
25282047
25288417
25289506
25301344
25305878
25310901
25311019
25317211
25318685
25325485
25341371
25343492
25347209
25365266
25370466
25379784
25399238
25400881
25427224
25437421
25447239
25448607
25450135
25465320
25466959
25497252
25508679
25518291
25536329
25536895
25537582
25538331
25549339
25550789
25557477
25566038
25568067
25572887
25580274
25580632
25593313
25601823
25606070
25612532
25612636
25654677
25657067
25673527
25684516
25693041
25696011
25696584
25712755
25725202
25730205
25738908
25743382
25744361
25746916
25749684
25750102
25759923
25774402
25778252
25779385
25811584
25821836
25836335
25863947
25875303
25894613
25900992
25904739
25921792
25930117
25950030
25951846
25957029
25960892
25991182
25994368
25996215
26002129
26015086
26022772
26023775
26026339
26031619
26037876
26042016
26046675
26056058
26059042
26074169
26079151
26099188
26099581
26103125
26108284
26110139
26112414
26113787
26115883
26116759
26124103
26129585
26133389
26148249
26171309
26175434
26181762
26202278
26213797
26216677
26229659
26242455
26247843
26252329
26253211
26254465
26256671
26269278
26282685
26284425
26289808
26290517
26304060
26306026
26316538
26340865
26355760
26375783
26414976
26416915
26427544
26431182
26432072
26433655
26452546
26457095
26458114
26486401
26496053
26497589
26497766
26499077
26499450
26522263
26526983
26537613
26552472
26568309
26570287
26577692
26583598
26589664
26596983
26613683
26623075
26626152
26637641
26654140
26654905
26664153
26672624
26679762
26686960
26707982
26718429
26719811
26721541
26740335
26765777
26777129
26777234
26777243
26780386
26805217
26825544
26842056
26882205
26885134
26886577
26892005
26895680
26901359
26919898
26920163
26925738
26950435
26965349
26966211
26978683
26982728
26999433
27012963
27016208
27022876
27034020
27056535
27064694
27070198
27089004
27093120
27103567
27103971
27116834
27121711
27124753
27147867
27152076
27154078
27161129
27169905
27183805
27199187
27222304
27256570
27271255
27286977
27289839
27296448
27303728
27308658
27314138
27319559
27333860
27335000
27335510
27337653
27342196
27342346
27386042
27398264
27403114
27409023
27434196
27441091
27448290
27456998
27457270
27470223
27481433
27485322
27504294
27529109
27535259
27544596
27546551
27554073
27555312
27568024
27576049
27597622
27605723
27624951
27626404
27630730
27633227
27638805
27639720
27646751
27660231
27685161
27689049
27689122
27716343
27719053
27727901
27740546
27751803
27753975
27754387
27787923
27840620
27841746
27849049
27849151
27849413
27857700
27861705
27867992
27869616
27872827
27873049
27873607
27873645
27875483
27881030
27883164
27894687
27900869
27902185
27931764
27935083
27954990
27959824
27974991
27978096
27980502
27987159
28009700
28011511
28014840
28022177
28025802
28031407
28033173
28046448
28049970
28054859
28077343
28077991
28079392
28082946
28089271
28089340
28091275
28113644
28130992
28132950
28162398
28175073
28191078
28194733
28199688
28204663
28209319
28225714
28235743
28238124
28244881
28246213
28246582
28269455
28280336
28282811
28288291
28289390
28289872
28290375
28291783
28292501
28299789
28310383
28324731
28344535
28349820
28368862
28371475
28371782
28383100
28398767
28412430
28416493
28422219
28428574
28470142
28472467
28474739
28482518
28501558
28501731
28506657
28506691
28518309
28522068
28523107
28532229
28535553
28541806
28547139
28560391
28588720
28590266
28610213
28626979
28630566
28639895
28651171
28685559
28692387
28698798
28701505
28727406
28731093
28744830
28765371
28773956
28776431
28805250
28806607
28818520
28827641
28828805
28830139
28839947
28840271
28850795
28853687
28854482
28888873
28892085
28896342
28896633
28899398
28903067
28918910
28924647
28936160
28945383
28946438
28957069
28958683
28974208
28980321
28983047
28983048
28987844
28991534
28992221
28992900
28994715
28997185
29010552
29010869
29017284
29027926
29065121
29069924
29099642
29099830
29100979
29113577
29123320
29150609
29156589
29161881
29161946
29174740
29177882
29180027
29181016
29183620
29193642
29197354
29199130
29201791
29209514
29212905
29232526
29232626
29240369
29241376
29276358
29284649
29301677
29312817
29317388
29324340
29338466
29342184
29344113
29351587
29367323
29379824
29384894
29394800
29395461
29401401
29404430
29405788
29405840
29409369
29413507
29414384
29418675
29431616
29432755
29435439
29464106
29506325
29507702
29515685
29516680
29520211
29528455
29534883
29541765
29543744
29551166
29556967
29564164
29587051
29601977
29602814
29627085
29630816
29631675
29634798
29648771
29648881
29685008
29691927
29696343
29726985
29740641
29742669
29759502
29764487
29787048
29796621
29797680
29803801
29806867
29821113
29849936
29855753
29875639
29893310
29910641
29915304
29915722
29916904
29918197
29936196
29940634
29941293
29943336
29948481
29954760
29966658
29970771
29999324
30020858
30034493
30045308
30049271
30064729
30072861
30114323
30115569
30139089
30147259
30152412
30158456
30159698
30182820
30188147
30189814
30190241
30215661
30228843
30231874
30262858
30264951
30273854
30285411
30295708
30303304
30325076
30330304
30332080
30333670
30336785
30337188
30347605
30370212
30394167
30414225
30422885
30436477
30446490
30462218
30465679
30490737
30502113
30503235
30504683
30507852
30530816
30534352
30546792
30547823
30549152
30557727
30568309
30575671
30579564
30601242
30607659
30616595
30626344
30626620
30630739
30658044
30665840
30668355
30675726
30684655
30695788
30696528
30705432
30710005
30717108
30718802
30738731
30748219
30748979
30750292
30770946
30809153
30826637
30829098
30840851
30859425
30874769
30883243
30926172
30934815
30943932
30964237
30989317
30990718
31000094
31002327
31002328
31004915
31020977
31022969
31035668
31046504
31060311
31090492
31091509
31122529
31122929
31134315
31140561
31145572
31147436
31149940
31162444
31163848
31167367
31170319
31175429
31186952
31199186
31212493
31228132
31233971
31250133
31262367
31274371
31295231
31296640
31297085
31317843
31334896
31341437
31347066
31357400
31363059
31398875
31428226
31429768
31437880
31457957
31462711
31467613
31469793
31481756
31486403
31489454
31501113
31506878
31531459
31537031
31543570
31543651
31556355
31556474
31557603
31563215
31564588
31593538
31602116
31604094
31605730
31612863
31613204
31613281
31613787
31626849
31628909
31645483
31657247
31668415
31688941
31689367
31691287
31695371
31695457
31704879
31706943
31708565
31731628
31731965
31732234
31735884
31740340
31741843
31744722
31759990
31761644
31769448
31771095
31781627
31792873
31796515
31798744
31805021
31806039
31843051
31851182
31892720
31896513
31924254
31924915
31950534
31953790
31957037
31971640
31980059
31981823
31982552
31993337
32007223
32008970
32013230
32015856
32030236
32032094
32033257
32033750
32042785
32048351
32067249
32089395
32095501
32095576
32101259
32107277
32112830
32117422
32128536
32131852
32137318
32141083
32145442
32146813
32160866
32169322
32183657
32187816
32196001
32198758
32202435
32203491
32218101
32231185
32233138
32254170
32264812
32275573
32276655
32277402
32288949
32297430
32298289
32299327
32300735
32301565
32303258
32303968
32307407
32316487
32320519
32324502
32331785
32349901
32356787
32363533
32377805
32380209
32383924
32402469
32416407
32424288
32431801
32432479
32450385
32451588
32457354
32458336
32472955
32518964
32520081
32555123
32555184
32555357
32558680
32574211
32578664
32588422
32595002
32603578
32608916
32619006
32638767
32650172
32650765
32662868
32663476
32665013
32666889
32678475
32685509
32690116
32697775
32703813
32708278
32714207
32716967
32726896
32729146
32735659
32736733
32746005
32748939
32787778
32793393
32805179
32827453
32838281
32839934
32859323
32867861
32874649
32888959
32889763
32892783
32899315
32909470
32912136
32917435
32924837
32929140
32937414
32938397
32939020
32941539
32942969
32952612
32967020
32970146
32994586
32997083
33015386
33027983
33052559
33063135
33069422
33089607
33090713
33091780
33100786
33100810
33104730
33108445
33131512
33139204
33153613
33154821
33174522
33180187
33180879
33189294
33198913
33202249
33202627
33207866
33226509
33230553
33237910
33243739
33248778
33248789
33265306
33267988
33285183
33287968
33303827
33316925
33319738
33331004
33359971
33360482
33400754
33403455
33415999
33420833
33436816
33436970
33442160
33462766
33466222
33496731
33518082
33522104
33530192
33530635
33535190
33541025
33545415
33548226
33549831
33558932
33561286
33581553
33588862
33605750
33612321
33619460
33621205
33624609
33638317
33651931
33657674
33659865
33678329
33686966
33692023
33699402
33700716
33715785
33721362
33726141
33727929
33733216
33735142
33738610
33739147
33742280
33746585
33747037
33753315
33755681
33772410
33775300
33778464
33778878
33801783
33806968
33808688
33829965
33880267
33888001
33899494
33920022
33920861
33925001
33961888
33997256
34036943
34050609
34055442
34059060
34060489
34071963
34099644
34106261
34119172
34120043
34121687
34131896
34138737
34139029
34147678
34158624
34167071
34179164
34183649
34184616
34190859
34199062
34206692
34217684
34221557
34238276
34241848
34249890
34254093
34256403
34262782
34273793
34283428
34315840
34341806
34342090
34355604
34359501
34372082
34390450
34397878
34406924
34408291
34417781
34428861
34434795
34441116
34462456
34466411
34471360
34478664
34479050
34491666
34497686
34506238
34532093
34545604
34551281
34563150
34564038
34569631
34575664
34576083
34580385
34587273
34608990
34609194
34609221
34621603
34623799
34629134
34636952
34645876
34674411
34696248
34700444
34703214
34708699
34722349
34741027
34749447
34763778
34784309
34788157
34814831
34843333
34848850
34862842
34870268
34889701
34890739
34893899
34907682
34912153
34922169
34925685
34938851
34958789
34959108
34982483
35000465
35016090
35018376
35028162
35032243
35039048
35044883
35051814
35058847
35061425
35061586
35066464
35068610
35090365
35102986
35112644
35123922
35143173
35147307
35147788
35160964
35169090
35172254
35176289
35177453
35187360
35188196
35189716
35201179
35217268
35231186
35255739
35256311
35266538
35269993
35294995
35303905
35308993
35309706
35321121
35328129
35336414
35336658
35337379
35338505
35342118
35344449
35361118
35372183
35379121
35384174
35385915
35389763
35397693
35397811
35399582
35408912
35416885
35419313
35431037
35434209
35434367
35435480
35439325
35444044
35484923
35501448
35513929
35520951
35536107
35536306
35537729
35544907
35552078
35552348
35556905
35565312
35577049
35587943
35599311
35610343
35613739
35629730
35637215
35638838
35647300
35652787
35665722
35669943
35674608
35686813
35688766
35696667
35702751
35705086
35705569
35714041
35715436
35725647
35733875
35735002
35737719
35744509
35778152
35782120
35788551
35800348
35804735
35805396
35818974
35830185
35841907
35848749
35850035
35857815
35867029
35878661
35886836
35913015
35913266
35914040
35915683
35921468
35936209
35940959
35945566
35947474
35953612
35960681
35973396
35983279
35986254
35990808
36006249
36013317
36018732
36041956
36050933
36051358
36051891
36054847
36061702
36083513
36086967
36090626
36093493
36100292
36113769
36124754
36135318
36150175
36157151
36164787
36174727
36177027
36177447
36182720
36183600
36183659
36186977
36187445
36195870
36214924
36216423
36235305
36236195
36244184
36248214
36259904
36275544
36276559
36282534
36286482
36295431
36316154
36340437
36342553
36348510
36352700
36358876
36359638
36377734
36384199
36392015
36392857
36400892
36402635
36403185
36403824
36406581
36444395
36450207
36465613
36465819
36485784
36495252
36496995
36497328
36510161
36512005
36539382
36555608
36581640
36592765
36595697
36599734
36603814
36616756
36630570
36637875
36659390
36663075
36673710
36676665
36680228
36694631
36697763
36699470
36700595
36704963
36707645
36709936
36714395
36738141
36777312
36783658
36797786
36808412
36815382
36826624
36831830
36839066
36849360
36851947
36853262
36880681
36908404
36913245
36927543
36930877
36935605
36943392
36945983
36956906
36961926
36968460
36969890
36970798
36974642
36979801
36981610
36986124
36987358
36995057
37005615
37010991
37012832
37017089
37019119
37024423
37034511
37034723
37036399
37044920
37046720
37049760
37050828
37053412
37078902
37083312
37083636
37094982
37102612
37119527
37122244
37122613
37124863
37127336
37131636
37140681
37148682
37151400
37153586
37160099
37164272
37164301
37191615
37195216
37196866
37231029
37234901
37240200
37245737
37249464
37259620
37260936
37271403
37271732
37288383
37294888
37296822
37302003
37302184
37315583
37325764
37356207
37357707
37358244
37358379
37367923
37386480
37398251
37400472
37400837
37402202
37408819
37417873
37424353
37435495
37449242
37483054
37488211
37495042
37503187
37509801
37512541
37514005
37514162
37531201
37541268
37546587
37549911
37559315
37567865
37574350
37585819
37585874
37588625
37595711
37609440
37624140
37650580
37651556
37655070
37663951
37664588
37681418
37686414
37699462
37706794
37709698
37720827
37720853
37730293
37734460
37735710
37751124
37770889
37783459
37786210
37792743
37792994
37835381
37868755
37878241
37908354
37917036
37921888
37940854
37942475
37952731
37957550
37959583
37961043
37963707
37966599
37969168
37988081
37991208
38004579
38006531
38011104
38011959
38027034
38035193
38038190
38042839
38070732
38075352
38078514
38079314
38079592
38087076
38088673
38101267
38117001
38122148
38132672
38135225
38138767
38148356
38154850
38168810
38183548
38188729
38207829
38218314
38230767
38261028
38264242
38268846
38269464
38271429
38284689
38299862
38300230
38327384
38334935
38336593
38353037
38366416
38373476
38375678
38409908
38416317
38424146
38451105
38471584
38493986
38494845
38499474
38519897
38528935
38532436
38534053
38537913
38538368
38538658
38556893
38557314
38582859
38587378
38599185
38604535
38616131
38623048
38623384
38643281
38651520
38652217
38655808
38659149
38659243
38663714
38664860
38673976
38685144
38686348
38695459
38707272
38714862
38720865
38725090
38730599
38736024
38753141
38758989
38762338
38779874
38786959
38788367
38792443
38798035
38815223
38817064
38823107
38827293
38829053
38884051
38896077
38896648
38899654
38914545
38919547
38920203
38921826
38925129
38926062
38926257
38928076
38936745
38947290
38957188
38967969
38973327
38973794
38978729
38978994
38982685
39009484
39019095
39019164
39033209
39041369
39043698
39043702
39079099
39094716
39096387
39098990
39101503
39106829
39106855
39109945
39120496
39144432
39158103
39166935
39175541
39201314
39202929
39207231
39208607
39243545
39249191
39286646
39286751
39288383
39294932
39303000
39323548
39329045
39335042
39338785
39345473
39351294
39355328
39358833
39360317
39365612
39379564
39381386
39394422
39422371
39422809
39426627
39426688
39431540
39433777
39437711
39440504
39447382
39472172
39474640
39483539
39506607
39520787
39551281
39576499
39592673
39593281
39601447
39609121
39609889
39624358
39629570
39645720
39668189
39670555
39674520
39690845
39702682
39707847
39711687
39711839
39717289
39726033
39755943
39788739
39797494
39816708
39821517
39841771
39846179
39857795
39874684
39888914
39895042
39913493
39943186
39949723
39964620
39969770
39970193
39970646
39986762
40002922
40008323
40061042
40071816
40075311
40081310
40082374
40107776
40111061
40122388
40127926
40144411
40147150
40148224
40154380
40166223
40169717
40177314
40183468
40197593
40242993
40249169
40251808
40253494
40263932
40274639
40316057
40318887
40325764
40329470
40332245
40342755
40343264
40352731
40356556
40397438
40406707
40422977
40457390
40465490
40478102
40487790
40503178
40509383
40511881
40514311
40525405
40530790
40553569
40554948
40555701
40560095
40566992
40568404
40597461
40599909
40634886
40638875
40654955
40656617
40658416
40667376
40669671
40680027
40697779
40698527
40698631
40706372
40742146
40768276
40777533
40777569
40788488
40793345
40800512
40803823
40815397
40818463
40821385
40838765
40866987
40867716
40876942
40899161
40911101
40912893
40914091
40914821
40924101
40926140
40938913
40942923
40945103
40946637
40948302
40948590
40972064
40975521
41000773
41007040
41019744
41032364
41072073
41077518
41077729
41093457
41095480
41096815
41103163
41109792
41131773
41146688
41165848
41179787
41183886
41185372
41197028
41201607
41203774
41210844
41223463
41227445
41254410
41265821
41273620
41286958
41293622
41301001
41301382
41307781
41321141
41328497
41341334
41342738
41343761
41355471
41362187
41364269
41365895
41372536
41385119
41391833
41393718
41402347
41406703
41429235
41430461
41435616
41436290
41467241
41480511
41482522
41491082
41492523
41493116
41503243
41520292
41545316
41550608
41560832
41609014
41611561
41649867
41655598
41667613
41671100
41697261
41700687
41709967
41715075
41718080
41720951
41736582
41738266
41747657
41754311
41755545
41761354
41770879
41775529
41782037
41789698
41798482
41803413
41806683
41809052
41810691
41826655
41829115
41829354
41848723
41850519
41851164
41854118
41879241
41898838
41912442
41912858
41918551
41928760
41945908
41952049
41962274
41966468
41967731
41977436
41984484
41985709
41991340
41993105
41995333
42005965
42043398
42043567
42061246
42086520
42104197
42105461
42120915
42122642
42131042
42140602
42146466
42162546
42162933
42168264
42169997
42170225
42173565
42181019
42186089
42187294
42193297
42202971
42209566
42215637
42223614
42224859
42228032
42244053
42272929
42275501
42276516
42284962
42289555
42290158
42309842
42311241
42313485
42330388
42341544
42366612
42366812
42378934
42383397
42383980
42416617
42424058
42426229
42432802
42434049
42434757
42436698
42456390
42470685
42474335
42476592
42479745
42490165
42493046
42497837
42498559
42508851
42509840
42511167
42520267
42523368
42529450
42548860
42550339
42561913
42568693
42568946
42570528
42626831
42649106
42674338
42676208
42691160
42694521
42708215
42708461
42717173
42737618
42765929
42774979
42791742
42803506
42809430
42810992
42811752
42812586
42841725
42849820
42878291
42880246
42886542
42894769
42895390
42900016
42911089
42926466
42957181
42959079
42962090
42991638
43008160
43009331
43043659
43044669
43046076
43046931
43058285
43062789
43082223
43084819
43089590
43091172
43092534
43097371
43116390
43126694
43158203
43179989
43181407
43187796
43189137
43205410
43211657
43232896
43234830
43241009
43254246
43264874
43275801
43280209
43323262
43327549
43357580
43357659
43373127
43378642
43393561
43402978
43403850
43409118
43419959
43429872
43436628
43444614
43449949
43462250
43489135
43497636
43499751
43504343
43507606
43514938
43519682
43525737
43538661
43552293
43556554
43558905
43581612
43583039
43587421
43591371
43651433
43663485
43674047
43678489
43730390
43736932
43740777
43747149
43756712
43773384
43788189
43808038
43833625
43845331
43849613
43887550
43888868
43890502
43896550
43897261
43906458
43926565
43954614
43958382
43967585
43970107
43974542
43974610
43977482
43989432
43989468
44000913
44023362
44027883
44049752
44056563
44064366
44085249
44098214
44113711
44121337
44121697
44126191
44136684
44158381
44171484
44194539
44198364
44200738
44222034
44224045
44232371
44237646
44238860
44240901
44243418
44249120
44253229
44280963
44285666
44288502
44301958
44315847
44355698
44367187
44371987
44372942
44385363
44386442
44386550
44390926
44395093
44395192
44395498
44395771
44415127
44421744
44433792
44450155
44450613
44452623
44469875
44472673
44481771
44493501
44497475
44499707
44520642
44540165
44541860
44549518
44550361
44550747
44556714
44559991
44571126
44574623
44578662
44580079
44585031
44602822
44620771
44626823
44627566
44630549
44631969
44632726
44634995
44635545
44642237
44649400
44659756
44684119
44704233
44710814
44714261
44715493
44719516
44735307
44736669
44756388
44758775
44764984
44773313
44784873
44785494
44794147
44798627
44805711
44812265
44820853
44823545
44827115
44838502
44841046
44845785
44850731
44857052
44874670
44886032
44890578
44899524
44928125
44945103
44980817
44996769
44998628
44999443
45023541
45024556
45048357
45052939
45057245
45063935
45072732
45081524
45088348
45092814
45097588
45116187
45126653
45138572
45144523
45151848
45163646
45172635
45184423
45191695
45196077
45199740
45202700
45219273
45239240
45246864
45256760
45262115
45274368
45279010
45310651
45313579
45327409
45367543
45373401
45375517
45388229
45425421
45426977
45438580
45443509
45453924
45493674
45493905
45494007
45519865
45523439
45524055
45541611
45555541
45556114
45559150
45581938
45589779
45621842
45630246
45645159
45669188
45680167
45689180
45701872
45701963
45702291
45712303
45714200
45724475
45730409
45730461
45745271
45794317
45804726
45810236
45819747
45821132
45825380
45832188
45834315
45848773
45848786
45854924
45864709
45875865
45880340
45882021
45891761
45895420
45898507
45913993
45915327
45925675
45928713
45943918
45948078
45954692
45957177
45967692
45994592
46005730
46016083
46017914
46021628
46024252
46024880
46034192
46041376
46063624
46080675
46082150
46092009
46094189
46099303
46106168
46124762
46129133
46130206
46139059
46139475
46146334
46155915
46163284
46169450
46173310
46193456
46196166
46213854
46215857
46217459
46221204
46241914
46257690
46281263
46300443
46301033
46324530
46324556
46324610
46326637
46335260
46376106
46389502
46396919
46397575
46407190
46409162
46419494
46422347
46424187
46424314
46425375
46427607
46435068
46454824
46457008
46471812
46483482
46488989
46492040
46493372
46500822
46504214
46510378
46521181
46521413
46525791
46543962
46554590
46555008
46560569
46571935
46573773
46578386
46579308
46603008
46606670
46611646
46622365
46623595
46648013
46662196
46673744
46682061
46686081
46686511
46697355
46699522
46708756
46734263
46734912
46749376
46751301
46787775
46811794
46816507
46818963
46819277
46837513
46839508
46851053
46861848
46862624
46863820
46867129
46871287
46873383
46883939
46892580
46906710
46913512
46917133
46921440
46931571
46945361
46947727
46947799
46951718
46956646
46958860
46959232
46959575
46960795
46969999
46983664
46994619
46995725
46996106
46996980
46999923
47006754
47018210
47038388
47051140
47081015
47092441
47094786
47095639
47114080
47119381
47135731
47142618
47145742
47148256
47156803
47160726
47166522
47170396
47176100
47184503
47185176
47192744
47195390
47215685
47222716
47228374
47240345
47248737
47255537
47264663
47268888
47274902
47283505
47283613
47299725
47311692
47327028
47334631
47359630
47366066
47366881
47384409
47389097
47416947
47420255
47423776
47426208
47430209
47437412
47448282
47456849
47457975
47466802
47475323
47476114
47479177
47487506
47487769
47488157
47491101
47496814
47506376
47516785
47520130
47524762
47525133
47525688
47527790
47531906
47536594
47559235
47564523
47572743
47578338
47580100
47588063
47595386
47604423
47604582
47610910
47616493
47646820
47653308
47656374
47671753
47678855
47680307
47690760
47690994
47697886
47702712
47725645
47728868
47738506
47755661
47768963
47774205
47783321
47785812
47804693
47824899
47829099
47832944
47835822
47839880
47861875
47869542
47886745
47887030
47892585
47894961
47916972
47930822
47932385
47937075
47940990
47942804
47943724
47959093
47972907
47976675
47977019
47978329
47982769
47991498
47992698
48007802
48013075
48017571
48022508
48024948
48040734
48043328
48051583
48087728
48094218
48113142
48124110
48161188
48163070
48163225
48171615
48202536
48206592
48211827
48226299
48237919
48244064
48255761
48258220
48261886
48263364
48268292
48298634
48306897
48316413
48326601
48345662
48355915
48355977
48360607
48362293
48375993
48386914
48393135
48397793
48402360
48403346
48426062
48433874
48437380
48450756
48459013
48464705
48467728
48486299
48493991
48494081
48506751
48524584
48529686
48540135
48549752
48567684
48581331
48581446
48582870
48582981
48584229
48593223
48598173
48600902
48605846
48607306
48610658
48616468
48620175
48620372
48625932
48658646
48666662
48672954
48673040
48676842
48696801
48698581
48709068
48718726
48723202
48726248
48739739
48747872
48762462
48769824
48775640
48775880
48775972
48788537
48794683
48830892
48849318
48870417
48873856
48893109
48900033
48911102
48911560
48932353
48951625
48956605
48964711
48976359
48979369
48982160
48999485
49023807
49049054
49055812
49061934
49079259
49083627
49089092
49093166
49094292
49101134
49103589
49113389
49120149
49121332
49147666
49150691
49163946
49167548
49175409
49186113
49206472
49209535
49210149
49210773
49229325
49240966
49243773
49250660
49252531
49257844
49277981
49284190
49295260
49298655
49314438
49325135
49331486
49331509
49344022
49359799
49363403
49371214
49378615
49387972
49401931
49410756
49419927
49420590
49424333
49433873
49436241
49439867
49452773
49455591
49498418
49498424
49505364
49507677
49508325
49516877
49529369
49540547
49552273
49561021
49571855
49573507
49586598
49587913
49590275
49605803
49620329
49626791
49629365
49630895
49646393
49675722
49700070
49700240
49704028
49716235
49718465
49726861
49731285
49742551
49757594
49763817
49778736
49778761
49785751
49790757
49797356
49809744
49824184
49827556
49834010
49834944
49835024
49836737
49840891
49849791
49852825
49860663
49872033
49873177
49876898
49878878
49880649
49882270
49901039
49918481
49927416
49930547
49974023
49996639
50000538
50012116
50013913
50035220
50051698
50067756
50082301
50091934
50108306
50108831
50117892
50121771
50127183
50131603
50132908
50138692
50148963
50154529
50159929
50186832
50189801
50196933
50213792
50215961
50231464
50247773
50248418
50268191
50270169
50283417
50291518
50302849
50316191
50316788
50320999
50331826
50339512
50340374
50349628
50353146
50354311
50367579
50373995
50375848
50405828
50437630
50438636
50462412
50473863
50506914
50513065
50516407
50519884
50523836
50528523
50534965
50535402
50536064
50536107
50539370
50543124
50544214
50558395
50577879
50583106
50587147
50599419
50603163
50618207
50619771
50631139
50637089
50649485
50662737
50665001
50670374
50672866
50686447
50715442
50716317
50722312
50744153
50746941
50756530
50792590
50795680
50812287
50821562
50828036
50863882
50867644
50877245
50878622
50881978
50890843
50893939
50913317
50925617
50927339
50936815
50951966
50955790
50964335
50966254
50967140
50976389
50977887
50988961
51014789
51027454
51060837
51062484
51091775
51096503
51096783
51108856
51116747
51142126
51156270
51160081
51164652
51186221
51191487
51201473
51207206
51221299
51232485
51247734
51255141
51255931
51259268
51277239
51302527
51304520
51310148
51314052
51321152
51324712
51343938
51350293
51350624
51351023
51365558
51366819
51376686
51396620
51414869
51418728
51423144
51429061
51435224
51436045
51447028
51447106
51456925
51460787
51484003
51487431
51496377
51511665
51521050
51559852
51568660
51570524
51589884
51594407
51595451
51595731
51595884
51598273
51604831
51605580
51616175
51619892
51655284
51662763
51668445
51675938
51689852
51696726
51707332
51718952
51720677
51723532
51725120
51742246
51744517
51798541
51808248
51820784
51847712
51850635
51851655
51852154
51855026
51859205
51868786
51882818
51889984
51898421
51901493
51907187
51913090
51918900
51942320
51943869
51956783
51975980
51985806
52018116
52022419
52032215
52045348
52056407
52061674
52070221
52071868
52073031
52081905
52095459
52115730
52116817
52123264
52140166
52145243
52150650
52151202
52157336
52159954
52160678
52162440
52182714
52186784
52189384
52202090
52211759
52217988
52224217
52230818
52233841
52238617
52240373
52254037
52256636
52261035
52267072
52281125
52281143
52316618
52322501
52322803
52325124
52325923
52345518
52351777
52352521
52362418
52389642
52396063
52407184
52416327
52426684
52441307
52448658
52456674
52467893
52485487
52501119
52507170
52521238
52525768
52531063
52531718
52542612
52553208
52574678
52580605
52595027
52606958
52612910
52615934
52620288
52623860
52635639
52638121
52678241
52697044
52708601
52710185
52718603
52720154
52747920
52757252
52771396
52777186
52786513
52824738
52829470
52859948
52861859
52864451
52874226
52875191
52878465
52881113
52882630
52885260
52886745
52888391
52921918
52933840
52951244
52959317
52967973
52970884
52971004
52979258
52988325
52993128
53000692
53005731
53013545
53022112
53025937
53054560
53063576
53065315
53072674
53074930
53075752
53082500
53089693
53095994
53122198
53122393
53129230
53130969
53131198
53134472
53135803
53136052
53168112
53204534
53221972
53226793
53259665
53269471
53275131
53286249
53289238
53292942
53307422
53313158
53332296
53339741
53340387
53352018
53354600
53382429
53386870
53389981
53404199
53406480
53410494
53411848
53419047
53421692
53425431
53433229
53436837
53439979
53440748
53465673
53468287
53469267
53472605
53481980
53491641
53498779
53505049
53542126
53557428
53564136
53572270
53580084
53580597
53586287
53586933
53612412
53627786
53629558
53636165
53652752
53657551
53669856
53679931
53682107
53685751
53689087
53695476
53697511
53705407
53710175
53715019
53716837
53719409
53721007
53732390
53743337
53750540
53763568
53777281
53786535
53795237
53802989
53807878
53810783
53828877
53831684
53836616
53862906
53864982
53868944
53869086
53871796
53879735
53880376
53881331
53887219
53898600
53901738
53903623
53906273
53949719
53951921
53954223
53958366
53960605
53964148
53965951
53977361
53994013
54015895
54025634
54029426
54032770
54043331
54062961
54064868
54065274
54067849
54076014
54076781
54079236
54100978
54103961
54114339
54120077
54129768
54133041
54145664
54152181
54157883
54170133
54175387
54184898
54195523
54197687
54208467
54209655
54226991
54230738
54244041
54258765
54267951
54271028
54275441
54282889
54284116
54298267
54299630
54304434
54307356
54309731
54314687
54315136
54321844
54326419
54341525
54342329
54357429
54380393
54381119
54382583
54424248
54425321
54425778
54432855
54433702
54435049
54449342
54462113
54477645
54487883
54503078
54504377
54524144
54524773
54528421
54529967
54549758
54552118
54566075
54570477
54571701
54572086
54572439
54577377
54585199
54594284
54596922
54612660
54616322
54625998
54637265
54669458
54689092
54709772
54710004
54731914
54732511
54734303
54737416
54739465
54775110
54783211
54792170
54796914
54802658
54804290
54806172
54815877
54822716
54822974
54825660
54829543
54832333
54839477
54844063
54847982
54865373
54875784
54876442
54882174
54884110
54907686
54933873
54943976
54946816
54957256
54967894
54969893
54985119
54993934
54996166
54996919
55011963
55025074
55047629
55073375
55074441
55077452
55078561
55080713
55100436
55109920
55112016
55120299
55155116
55155826
55181064
55207948
55212156
55220253
55222905
55238765
55245447
55248768
55250229
55256783
55267865
55272436
55290495
55290585
55290861
55299309
55303983
55317358
55319044
55331304
55340522
55342679
55346814
55348253
55364325
55374927
55375841
55382125
55392587
55397388
55405729
55409930
55420005
55425840
55439289
55442335
55460452
55462860
55464294
55472845
55475766
55478924
55479497
55491402
55526282
55533941
55549546
55556231
55560874
55562661
55569966
55571101
55579373
55605337
55626977
55661757
55665928
55668993
55679875
55686595
55693222
55703148
55703225
55709272
55736242
55747455
55749627
55775551
55795849
55815830
55822209
55823148
55829164
55851540
55868365
55872118
55891264
55908294
55918644
55920329
55921561
55925311
55929615
55946560
55963235
55969923
55970488
55972622
55993687
55994684
55996058
55996167
55999607
56001726
56019534
56020438
56025243
56030294
56044492
56045895
56048185
56051518
56059240
56063764
56064467
56080805
56088277
56103004
56106311
56112823
56139541
56144495
56154053
56164023
56172099
56191036
56193357
56198047
56226701
56228467
56263282
56264731
56275168
56277401
56289552
56298852
56310372
56311664
56312543
56312924
56339106
56344646
56348628
56351000
56357169
56396628
56403220
56407413
56408155
56413979
56439161
56457114
56494221
56503062
56504524
56513419
56514443
56521205
56523829
56549935
56555861
56571641
56575532
56582021
56588208
56594815
56599908
56602008
56606655
56610462
56611815
56629447
56650672
56655958
56657635
56661237
56664147
56693125
56693691
56706563
56714594
56729426
56733676
56760677
56781725
56785034
56797650
56819327
56824212
56824932
56827874
56831354
56837691
56847331
56849769
56860815
56870182
56879152
56882021
56883002
56888966
56891826
56894657
56914871
56920816
56924596
56931192
56939099
56942915
56943367
56944589
56950420
56953492
56957766
56958890
56984592
56991731
57024083
57027263
57029724
57050403
57055178
57062577
57071513
57073569
57084980
57092430
57093644
57113068
57113476
57114295
57115042
57134581
57134760
57142044
57174227
57188707
57190384
57221068
57236771
57248499
57253889
57254802
57255774
57273379
57275110
57286608
57296896
57306000
57313099
57344301
57379169
57379555
57392478
57425709
57428715
57443539
57444937
57451014
57464622
57470979
57474530
57477313
57505202
57538942
57545781
57551813
57582704
57588711
57602303
57602970
57610657
57635795
57647313
57652694
57659474
57685845
57688372
57697448
57709078
57713851
57719294
57744614
57745635
57754172
57755471
57763889
57764046
57771771
57779838
57797621
57806768
57816851
57820826
57822882
57884802
57885073
57908676
57941647
57946135
57953748
57970895
57984000
57992788
57993720
58004057
58008348
58009134
58017697
58031307
58036234
58038826
58039621
58047135
58050632
58062495
58071544
58078865
58078992
58102947
58114047
58114947
58121922
58132631
58146113
58146469
58160472
58163526
58165230
58181694
58187364
58188923
58196505
58200518
58201383
58203922
58208484
58227658
58239817
58245483
58262438
58263072
58265775
58268855
58276859
58284099
58285730
58286224
58303586
58306684
58310645
58321582
58330049
58334224
58347780
58350117
58359919
58364812
58371331
58373621
58385066
58392527
58392870
58393491
58415071
58416042
58427192
58429331
58445939
58451664
58486459
58499538
58558716
58562785
58592359
58598681
58610071
58612694
58616165
58619746
58626600
58634275
58646450
58651100
58668553
58675064
58692250
58694274
58697397
58703869
58708358
58709141
58725029
58740903
58743214
58774791
58775481
58776444
58781590
58785838
58798438
58800993
58804943
58808525
58811474
58818882
58840700
58848152
58854309
58867921
58869948
58870368
58872114
58897708
58904077
58915220
58915675
58923860
58925840
58932210
58933875
58950978
58961689
58975573
58975753
58996509
58997882
59039296
59045159
59072376
59072541
59081146
59092870
59107813
59107850
59110162
59134190
59150786
59156202
59165772
59167838
59178245
59179649
59194616
59195872
59204155
59207952
59212577
59214979
59215590
59241105
59251736
59262023
59264923
59291781
59309762
59313003
59313273
59322646
59328594
59331136
59332238
59337608
59341551
59352083
59385483
59386064
59386106
59386183
59388707
59449122
59463316
59464398
59465027
59469712
59471790
59474302
59476897
59486183
59488372
59513860
59538768
59548916
59551612
59559166
59578929
59579279
59585140
59592381
59603175
59603255
59610273
59619857
59635334
59638552
59653860
59654857
59673171
59679210
59683754
59698193
59700891
59721571
59721681
59727041
59730359
59744723
59779456
59793760
59798794
59800932
59821062
59854744
59872157
59876556
59881209
59906937
59913255
59913627
59938066
59957549
59961991
59969918
59984716
59995417
60005646
60007775
60011951
60017306
60027818
60029056
60044090
60045817
60048580
60064547
60065597
60070518
60083074
60086300
60107809
60110801
60118957
60128776
60135944
60144160
60153629
60153784
60154082
60158547
60163966
60170076
60178879
60179023
60186235
60187272
60189250
60195572
60220677
60231165
60235564
60237092
60238614
60239737
60240120
60240424
60243658
60255925
60258967
60264169
60274503
60282828
60287986
60337763
60339200
60340314
60340517
60364580
60365679
60365759
60379125
60392192
60432186
60438846
60450066
60451620
60457848
60470998
60483073
60485230
60490994
60492602
60504898
60505230
60506159
60520406
60543661
60555245
60560317
60566308
60568118
60570201
60583594
60588057
60595625
60597132
60600652
60608000
60608800
60627661
60628024
60642527
60653537
60658695
60695493
60695502
60712029
60718796
60722217
60734477
60734788
60737332
60747209
60747425
60756638
60784696
60787159
60790147
60801280
60812982
60814142
60841271
60847627
60875257
60880134
60880852
60913736
60915753
60922686
60931213
60935497
60945931
60957603
60973154
60979315
60981028
60981880
60994872
61007447
61030722
61039672
61055312
61055753
61066034
61066504
61084510
61125205
61125396
61130109
61147567
61151186
61167185
61180065
61188848
61191586
61226474
61248340
61249972
61258762
61264458
61267739
61271261
61273009
61281890
61281917
61306160
61332280
61350930
61352110
61366338
61375482
61377628
61380944
61381431
61390054
61399711
61401065
61407248
61421133
61428302
61440678
61446940
61456968
61458937
61467593
61471000
61486884
61495605
61510983
61511757
61512224
61517366
61518025
61528486
61537504
61539274
61547953
61553168
61560948
61571837
61597474
61603164
61608660
61628610
61635919
61671880
61686568
61687180
61691924
61705510
61706721
61727768
61752814
61768462
61776193
61776748
61778547
61807754
61811633
61830698
61833739
61846185
61854550
61860824
61872874
61878128
61880337
61880842
61890928
61901873
61908888
61916026
61922148
61944244
61962743
61965632
61991516
61992118
61997933
61998697
62018770
62023197
62025809
62026480
62038638
62043461
62044883
62045764
62047656
62071948
62072544
62078373
62084910
62090966
62092509
62107221
62107732
62114549
62122110
62147549
62148581
62154284
62159862
62167060
62171307
62191083
62193858
62207324
62208389
62219848
62247269
62275219
62283567
62293120
62293657
62304920
62306743
62321060
62321573
62324802
62327254
62332631
62335692
62336622
62345814
62353292
62355341
62358136
62359418
62389846
62390014
62428547
62434184
62440685
62450373
62451917
62456314
62467905
62481728
62487875
62488129
62506215
62507836
62509544
62510196
62521759
62528941
62528993
62534943
62543928
62563308
62568638
62577988
62583362
62594192
62597047
62602086
62612928
62619330
62630565
62634732
62638956
62683080
62709387
62716883
62728672
62736255
62755901
62766413
62777237
62778280
62778590
62785920
62792578
62794452
62796397
62796906
62824897
62839340
62851441
62853324
62885291
62887000
62890536
62917516
62923597
62926346
62936690
62944696
62953603
62961576
62983476
62992834
62993297
62996201
63005185
63015307
63032117
63037746
63038766
63039421
63047267
63049404
63052361
63053938
63067586
63070809
63078283
63110574
63116394
63118679
63119698
63132634
63137460
63147913
63150064
63164663
63168204
63170871
63174572
63175298
63180157
63190959
63195162
63214254
63220115
63237268
63242723
63256904
63266877
63272053
63282677
63316014
63316792
63338965
63345998
63357606
63377375
63379848
63398321
63401114
63414409
63428352
63445862
63446341
63453024
63456263
63460184
63472853
63473530
63480673
63489305
63495371
63512033
63523606
63531713
63542115
63550736
63562404
63566010
63569893
63575121
63593802
63597963
63599082
63599531
63599938
63604202
63615491
63672185
63681891
63684111
63684207
63714308
63732874
63734367
63734966
63737475
63738919
63749423
63750757
63773552
63776312
63821544
63830898
63840423
63851569
63851883
63852178
63880681
63881008
63886729
63894402
63898218
63901205
63909789
63932941
63936978
63940883
63951564
63963660
63969852
63970294
63974965
63978030
63983320
63998293
64002795
64002853
64012882
64032996
64037524
64048484
64049075
64053932
64086575
64093109
64095833
64101618
64105491
64107296
64114481
64129953
64132484
64144788
64150380
64158966
64159756
64160319
64173415
64183250
64195688
64199204
64199652
64215779
64216618
64225113
64246459
64250966
64254106
64264034
64266124
64268850
64272839
64275093
64279394
64292370
64319209
64323837
64330116
64336623
64347981
64378437
64379003
64388461
64401989
64411595
64414503
64417935
64427258
64428381
64434806
64435699
64444709
64445637
64452683
64459600
64466186
64472314
64481530
64494480
64496881
64513733
64520128
64567597
64575863
64585327
64587364
64590353
64601396
64601542
64609097
64612995
64616317
64617230
64619703
64624587
64626187
64640401
64651692
64671943
64672078
64672534
64680485
64709263
64713168
64717125
64719468
64727084
64736993
64737804
64751494
64753877
64773628
64783894
64787481
64788981
64796111
64798741
64813474
64814286
64819504
64832291
64839079
64841533
64846719
64849752
64853546
64857566
64865310
64885774
64889742
64902009
64906894
64923177
64944520
64952677
64953860
64966802
64970516
64999915
65007552
65025791
65031170
65045555
65051807
65060341
65060349
65062157
65081001
65081439
65087852
65091802
65097531
65098752
65105902
65109689
65118141
65124830
65134451
65143781
65155792
65160610
65177566
65182206
65182406
65187726
65204681
65207034
65214258
65221738
65250876
65259807
65260318
65264309
65264951
65269407
65278081
65280903
65301713
65302839
65304303
65316569
65317592
65334886
65341035
65355661
65357674
65362239
65375997
65383661
65396997
65429458
65429964
65460693
65462918
65464278
65475443
65476439
65478760
65480038
65482770
65497950
65508193
65527573
65529003
65572295
65573348
65581333
65588226
65591828
65592659
65600581
65607617
65612617
65619716
65639691
65652462
65658678
65662730
65675423
65680298
65683024
65687278
65694809
65697935
65698320
65699702
65700866
65700874
65708818
65715061
65724300
65724794
65732218
65738648
65745899
65750177
65752535
65755693
65761656
65770532
65797187
65799577
65801294
65803561
65811271
65820877
65821369
65871557
65900205
65903411
65934026
65944661
65957125
65996399
65997414
66012335
66050421
66054248
66054880
66068321
66072899
66078031
66082874
66084053
66084260
66088282
66093219
66094079
66101412
66113460
66115727
66120292
66127472
66130893
66130947
66137886
66148175
66150833
66153796
66154684
66163641
66171519
66182933
66193196
66194820
66196266
66200575
66200886
66204920
66212484
66214182
66242886
66246793
66246956
66264440
66285602
66299435
66301028
66328325
66345007
66356285
66386200
66391570
66393787
66393833
66399688
66402609
66416735
66428051
66428225
66429869
66430882
66431027
66435154
66440892
66445602
66456031
66458720
66460759
66467550
66470029
66475731
66479143
66486541
66491151
66502048
66510968
66518621
66552375
66552857
66564703
66565515
66578618
66578804
66601620
66609794
66610434
66636920
66654978
66659255
66664285
66666516
66670595
66676826
66685636
66695295
66703164
66711926
66725692
66743093
66757341
66757773
66758868
66759603
66773290
66778843
66778974
66799801
66805666
66818339
66823179
66830402
66845954
66847690
66852313
66859942
66860756
66863785
66868817
66871541
66872553
66882334
66886403
66887321
66889802
66893122
66904659
66907221
66907744
66925619
66950317
66953072
66977627
66992661
67016933
67041791
67049894
67062472
67065520
67081675
67095856
67097414
67100520
67112015
67117678
67130192
67134024
67139473
67144564
67164502
67166570
67196723
67228530
67234634
67236693
67239645
67243243
67249299
67278192
67286295
67289727
67292999
67302038
67302595
67306450
67307670
67310078
67313306
67326618
67335092
67351658
67354979
67362144
67365815
67366343
67366679
67396560
67396966
67399343
67421399
67428724
67439956
67443800
67448201
67448237
67456188
67464619
67473708
67480227
67496449
67511021
67515442
67518598
67526059
67549241
67557097
67563523
67566670
67580066
67582182
67587145
67587634
67592798
67593983
67593987
67611345
67624011
67635164
67637999
67642742
67654727
67661855
67678372
67686982
67711042
67742753
67751569
67756468
67769516
67776197
67783377
67791404
67793087
67795752
67812636
67825806
67827492
67827599
67832765
67862296
67865649
67866415
67871995
67883745
67898094
67906569
67908454
67908470
67910292
67915326
67918170
67922604
67932163
67938747
67944147
67949885
67958533
67964689
67969426
67987813
67991412
68002506
68003287
68040432
68051826
68058600
68060726
68073088
68081381
68106692
68117176
68130676
68149298
68157495
68185260
68202279
68213401
68228615
68235238
68247823
68258408
68259889
68295845
68300963
68318332
68330971
68336006
68348872
68349380
68353759
68367437
68370625
68380958
68396907
68398366
68409118
68414144
68433577
68434027
68434559
68441866
68457602
68482182
68490485
68490883
68500314
68511310
68515035
68535104
68535879
68543564
68574639
68587744
68597984
68607576
68609431
68616696
68618255
68636851
68640117
68670634
68676672
68680630
68681216
68682322
68706868
68707509
68711023
68716588
68720491
68737480
68739631
68746819
68753864
68761571
68790390
68792831
68811495
68814189
68816187
68817358
68819411
68821882
68839196
68840576
68849778
68853573
68855049
68867194
68877358
68880051
68891711
68906024
68930531
68945587
68953316
68962833
68970846
68973998
68976729
68979970
68983758
68988168
68988904
68994410
69002056
69005518
69010052
69011895
69016424
69024047
69028394
69037125
69054229
69071099
69072471
69077761
69087617
69094700
69096644
69098799
69107393
69114912
69119567
69126373
69126493
69150657
69158570
69160388
69167366
69169754
69182783
69191864
69195668
69200827
69209754
69224716
69237999
69238517
69264958
69269937
69273737
69274780
69275393
69295594
69309916
69311362
69315497
69333626
69343641
69350178
69365518
69367220
69382346
69406428
69412597
69416279
69426350
69447481
69486813
69507186
69529174
69535778
69539284
69543400
69543494
69561382
69579797
69581071
69626827
69635596
69636216
69648444
69665859
69680922
69687740
69696588
69699496
69710153
69712505
69715357
69719232
69726328
69738822
69774703
69778520
69787274
69800132
69812654
69826678
69840511
69840868
69842501
69844321
69844505
69846716
69847479
69860198
69862778
69867327
69884427
69906625
69910162
69913808
69915269
69928864
69932881
69935489
69948557
69954088
69971985
69991126
69993630
70003569
70004834
70006408
70009557
70013824
70031735
70035932
70039742
70046546
70055243
70079840
70085671
70087167
70094286
70110499
70111621
70117503
70128741
70187099
70187901
70188282
70202862
70209444
70218747
70220141
70265067
70281431
70294835
70295309
70314328
70321058
70337541
70350388
70350866
70357404
70385955
70387795
70391690
70411888
70418810
70420966
70429364
70429980
70435714
70443593
70455962
70458124
70458778
70459543
70470403
70478834
70479974
70484189
70489542
70497908
70501716
70504709
70505958
70509575
70516396
70517947
70556201
70579795
70592132
70600044
70600352
70603184
70604751
70619842
70627529
70661441
70680924
70683420
70688877
70690997
70691224
70702286
70704134
70708318
70708561
70711439
70715090
70730924
70743350
70752965
70771516
70774358
70782748
70791954
70813093
70815021
70831436
70831480
70860494
70881218
70893108
70908007
70911803
70927360
70965547
70970871
70972661
70973084
70979853
70983818
70984409
70986508
71003983
71015974
71026271
71038754
71040623
71043651
71060856
71068239
71086363
71089065
71090596
71090953
71091218
71093422
71101396
71133618
71138226
71146452
71156548
71156642
71161991
71169179
71170325
71176495
71194524
71195933
71201334
71205207
71208235
71215199
71221195
71236110
71245955
71255884
71261814
71273385
71278607
71282503
71292201
71299940
71343918
71355864
71362812
71368626
71385086
71389630
71392689
71393541
71400217
71408168
71409282
71418504
71419652
71429427
71436974
71452368
71487852
71496064
71514078
71525012
71536307
71543562
71551949
71553312
71559001
71562078
71563583
71565278
71565929
71568621
71573953
71577797
71579146
71584011
71594302
71595330
71615123
71615412
71634576
71649869
71651484
71702276
71706254
71713648
71713853
71727726
71736546
71747069
71786143
71800636
71818447
71824379
71831528
71850360
71880770
71883279
71887164
71895507
71899465
71907511
71935409
71942586
71945358
71954889
71955843
71958783
71959051
71959587
71961572
71984322
71986156
71991095
71995132
71996058
72011330
72018730
72023128
72058172
72067719
72068820
72085503
72095198
72117908
72139850
72142011
72146206
72148216
72155007
72159721
72163408
72168227
72175207
72179363
72184256
72184804
72195833
72196806
72206204
72221923
72230524
72234883
72257354
72262002
72273913
72275825
72298162
72306868
72310863
72316403
72329933
72331525
72336636
72338890
72344673
72349944
72351604
72361826
72374855
72381428
72386018
72388370
72401937
72416447
72420842
72421263
72456793
72460522
72472220
72482293
72495788
72516534
72526693
72526808
72530759
72531415
72531419
72550022
72560858
72563566
72588565
72589982
72591317
72595706
72613619
72624512
72632881
72638704
72640019
72643398
72648618
72666379
72693096
72701561
72705217
72738779
72741247
72756959
72762875
72769353
72781654
72809321
72811637
72812491
72814831
72816498
72823653
72823932
72824813
72854916
72856906
72862189
72862503
72872433
72884090
72888921
72904278
72916005
72917639
72922329
72923342
72946331
72949235
72950326
72954467
72955360
72968778
72976925
73013066
73026471
73046439
73051695
73059406
73119970
73128008
73130740
73131485
73143335
73153024
73156485
73157494
73157596
73172153
73179389
73204599
73209478
73210073
73212670
73215473
73216878
73218059
73225680
73244150
73266626
73270355
73273777
73286737
73301828
73305342
73307555
73312603
73316704
73321527
73326458
73332292
73350625
73353313
73354699
73355930
73360041
73361392
73374205
73389081
73392225
73414249
73424151
73448392
73452508
73456799
73497899
73505425
73506916
73515923
73530731
73543328
73558164
73567204
73582629
73593196
73603575
73622720
73624479
73625260
73643985
73653427
73662103
73682682
73710820
73714520
73727423
73727517
73742076
73754714
73760200
73774725
73779986
73784985
73800559
73801666
73821885
73827936
73859110
73860295
73860945
73864718
73866430
73870025
73873897
73874567
73875068
73881025
73898285
73900794
73944321
73945418
73953928
73954896
73956556
73980383
73983338
73986907
73987839
74033229
74038144
74049452
74062289
74082693
74084834
74107542
74126676
74147458
74156563
74165505
74170584
74176318
74179931
74218420
74228150
74233259
74278912
74283211
74293286
74299446
74308596
74329160
74333597
74335799
74340203
74342309
74342935
74344427
74345004
74350913
74352552
74373475
74387712
74406101
74439875
74441223
74450788
74452140
74461457
74464641
74464644
74478663
74480710
74489319
74528381
74531479
74531963
74544404
74545559
74568872
74577924
74578172
74580429
74581600
74592385
74604465
74608937
74625086
74630148
74630403
74636570
74656971
74663652
74708439
74710122
74717578
74729704
74746707
74746892
74747000
74760952
74766041
74768560
74781510
74792753
74808217
74813155
74815897
74819793
74828722
74829440
74847820
74862188
74866470
74879845
74880179
74887836
74892247
74918721
74918865
74919244
74921557
74921658
74939137
74951476
74959809
74962319
74967149
74976185
74980826
74981271
74981297
74981805
75008672
75008997
75041720
75075475
75078422
75082001
75087663
75094657
75106371
75111650
75126472
75132445
75150765
75158091
75165101
75172767
75179903
75204553
75207835
75209099
75243149
75243362
75276231
75295131
75300202
75333292
75334042
75336829
75337099
75360027
75365123
75374191
75399010
75413912
75445873
75451580
75460516
75468266
75484454
75490074
75497440
75511243
75511378
75513060
75516852
75531600
75536745
75553619
75559264
75564730
75574462
75575973
75577164
75580856
75615832
75617866
75628428
75651670
75657396
75671589
75677083
75689781
75704996
75731453
75741140
75779078
75811075
75849416
75863004
75863845
75865630
75873979
75875066
75878500
75886880
75892061
75897807
75902397
75917864
75918687
75919717
75928032
75931817
75934195
75960293
75976662
75989858
76003139
76013578
76023363
76032774
76034810
76047584
76048779
76059332
76059530
76062523
76065929
76072862
76078679
76084582
76095291
76101388
76131326
76140660
76156347
76174790
76185962
76199978
76206190
76206386
76212084
76212316
76233993
76237310
76241212
76244212
76247976
76259377
76265056
76269425
76274209
76276382
76292555
76293996
76296234
76300451
76303108
76310110
76311594
76333669
76337700
76346240
76349794
76353360
76362239
76371282
76377683
76384390
76408286
76425018
76426659
76436588
76439128
76444893
76448816
76450859
76451423
76452466
76457656
76462033
76468481
76474313
76479327
76482818
76487629
76499766
76503195
76509500
76518526
76521544
76521774
76522799
76531294
76532485
76535170
76566442
76567126
76574784
76631857
76635853
76650499
76653831
76655505
76665152
76679965
76695828
76711773
76718968
76762989
76764333
76775601
76776770
76789884
76826832
76835743
76867626
76883144
76887093
76888647
76900737
76922699
76926586
76931604
76932966
76939633
76967663
76993718
77000115
77002454
77013034
77023590
77025293
77027292
77030221
77049089
77078823
77094454
77094873
77095944
77105740
77115488
77128291
77140278
77141451
77142267
77144005
77144918
77150012
77160370
77172788
77181591
77193372
77196677
77202291
77207573
77216067
77218254
77231179
77247576
77256835
77263809
77267763
77271497
77280590
77281482
77285657
77285938
77300474
77315060
77321072
77331518
77361565
77363866
77376172
77376693
77395916
77406023
77410849
77411860
77419380
77423001
77430790
77430919
77431289
77431955
77433652
77457074
77463682
77479783
77503859
77510906
77516146
77520902
77521550
77530811
77545338
77551811
77552845
77560517
77563516
77567034
77579103
77586344
77604185
77614774
77614997
77617498
77620107
77622017
77623121
77635205
77637216
77639057
77644180
77651788
77660342
77682490
77685889
77696767
77704703
77712556
77720521
77722214
77733485
77735503
77747650
77750083
77753798
77760402
77762248
77767634
77783423
77796659
77803880
77807361
77825224
77826827
77829801
77842560
77849276
77858238
77858325
77872500
77892326
77896850
77897649
77908776
77910841
77911288
77919672
77926274
77931240
77935877
77956247
77967977
77976256
77977010
78009665
78026251
78059783
78078183
78094820
78096787
78096847
78097417
78116486
78152724
78163957
78178161
78212918
78242714
78244120
78245376
78247995
78262687
78265644
78269983
78274204
78279504
78294836
78310024
78338309
78370126
78382086
78382153
78384293
78390936
78402075
78403249
78408172
78433103
78434996
78459131
78471101
78475645
78523413
78527482
78529962
78530815
78532821
78536763
78548600
78549100
78554512
78561291
78570475
78572970
78574314
78578705
78595608
78602980
78603204
78638124
78643124
78646464
78648109
78656022
78666873
78671921
78690677
78698489
78711846
78724628
78732909
78748413
78750628
78751736
78780366
78802596
78828305
78829293
78848969
78853925
78860425
78873833
78891544
78914642
78926710
78937864
78942255
78949352
78958656
78959164
78983702
78987225
78998847
78999474
79005992
79021163
79030580
79060839
79085860
79096787
79097495
79106099
79117442
79140137
79143815
79148954
79151691
79174196
79242864
79257984
79261237
79272294
79276144
79295981
79302357
79316096
79316504
79329181
79331991
79336324
79338866
79353849
79361340
79363040
79368424
79373883
79376814
79406292
79410993
79415707
79420072
79425071
79444574
79455011
79463385
79463409
79476089
79486092
79487773
79495077
79505031
79519009
79528644
79532890
79569959
79579925
79588657
79589598
79607237
79607940
79642292
79651238
79663699
79677496
79686963
79691001
79693190
79704443
79706193
79707952
79708465
79712812
79713419
79724734
79731583
79733660
79738175
79741316
79763241
79776265
79781606
79801854
79839760
79861600
79861949
79875978
79894384
79895538
79900809
79902404
79924991
79928919
79945729
79948620
79950423
79966777
79968009
79982038
79987335
80009210
80016109
80016132
80027286
80052192
80068292
80071624
80083937
80095901
80096767
80100395
80126780
80144248
80153982
80159095
80177495
80183104
80184799
80205289
80207690
80210097
80210661
80210854
80213869
80241558
80246878
80249702
80254039
80254426
80258353
80269785
80270237
80290231
80291272
80303322
80305514
80311079
80312661
80360080
80367989
80377762
80409349
80424408
80425557
80426615
80438476
80455255
80465934
80476434
80484152
80495572
80510695
80515734
80532605
80539224
80539705
80540471
80549210
80556709
80567587
80579111
80583273
80585171
80616630
80625350
80652431
80662829
80679299
80680449
80682231
80686578
80694024
80697473
80705954
80722407
80733048
80734395
80737590
80740887
80745040
80751448
80754072
80757640
80768851
80777641
80787161
80789392
80807852
80819510
80820369
80821946
80827590
80838375
80856186
80860652
80870225
80883492
80907832
80915230
80920743
80921609
80928183
80938043
80950251
80952388
80960955
80964648
80972017
80975744
80987917
80995992
81001189
81009718
81012580
81014539
81024082
81024643
81025963
81027181
81042190
81046126
81050730
81055388
81057666
81080558
81082839
81085195
81093327
81106368
81120299
81142417
81149933
81154613
81172151
81173991
81182483
81194712
81194886
81221423
81230392
81235372
81245210
81268845
81269406
81279153
81287474
81298381
81302781
81309496
81314850
81337741
81350227
81363166
81393538
81397224
81399633
81414300
81421288
81423285
81424738
81432428
81450148
81450262
81461865
81471288
81494272
81495280
81503921
81506514
81526140
81534549
81537826
81542282
81549162
81555993
81559915
81565580
81570379
81571414
81571855
81572116
81577194
81595480
81603370
81619069
81623678
81635890
81656418
81657663
81665980
81667510
81667919
81675160
81705168
81718948
81741164
81744022
81746185
81771135
81773665
81780145
81782005
81783265
81801015
81808017
81812563
81822589
81831039
81831207
81832135
81835868
81841704
81859208
81869453
81880887
81887530
81894363
81898137
81898869
81915824
81916063
81941835
81944163
81953244
81960579
81963070
81964788
81978710
81987097
81991111
81994928
82007114
82009124
82025027
82027381
82060059
82072709
82087806
82107246
82110710
82118841
82129105
82136815
82146979
82150906
82156250
82160050
82178634
82190742
82190962
82194717
82208625
82215331
82221372
82243784
82277658
82279976
82284523
82297046
82298187
82298269
82310930
82319589
82331529
82351040
82366069
82371926
82379571
82381379
82391325
82391649
82396616
82404654
82404679
82425749
82426925
82426941
82432840
82440027
82447028
82458546
82467910
82468418
82472530
82476060
82476976
82503463
82545986
82550711
82555327
82568443
82572780
82592169
82597134
82600660
82602133
82619630
82624667
82625699
82655655
82657206
82658051
82673686
82673907
82678093
82706606
82725604
82735861
82746937
82751947
82776080
82792584
82800044
82811499
82813211
82813860
82822053
82825421
82831564
82839697
82845456
82855398
82856798
82871633
82880263
82890171
82893026
82913240
82923032
82944970
82981827
82991710
83008527
83010443
83012483
83015831
83023147
83024783
83025012
83026790
83037344
83038098
83064297
83070041
83070665
83072756
83074586
83074789
83083700
83087080
83090491
83102070
83139091
83151640
83154980
83157929
83159270
83159746
83173636
83175578
83181639
83181981
83183156
83190557
83194983
83198460
83204819
83209680
83228749
83229603
83240235
83296644
83297146
83308152
83328952
83329873
83343943
83350725
83350972
83353571
83365149
83377160
83403903
83419367
83420012
83421062
83424077
83433232
83434547
83455041
83455417
83456577
83481954
83485417
83489459
83491260
83491384
83493685
83494156
83508749
83509738
83517536
83521848
83523817
83533227
83542281
83558544
83562358
83570019
83572339
83576473
83579659
83593273
83612053
83614775
83624155
83626564
83633324
83637683
83641111
83641940
83666039
83675417
83675454
83677497
83680819
83688097
83711582
83723838
83735963
83752305
83755326
83770823
83788334
83789538
83790292
83796347
83835052
83840607
83848728
83868815
83902273
83904866
83914526
83917326
83918111
83921255
83934427
83939682
83948057
83966079
83967674
83987255
83990064
84028316
84041451
84044039
84046362
84050817
84067318
84098859
84102173
84113922
84124949
84133189
84133674
84136846
84146273
84153864
84164253
84164568
84176119
84176127
84183167
84188172
84197204
84207264
84215824
84220939
84221238
84223093
84235455
84239999
84241073
84246959
84247531
84255826
84262318
84298058
84308503
84311000
84315869
84325745
84327005
84342272
84345994
84346892
84349638
84364349
84369148
84388240
84392705
84406517
84410710
84412893
84414053
84433044
84434846
84439916
84441164
84443792
84447023
84452403
84453725
84454812
84472738
84490079
84520935
84525346
84540537
84541640
84548791
84556923
84558026
84567964
84584279
84622173
84628308
84631100
84638257
84644734
84650030
84652717
84653796
84678360
84698284
84699081
84700985
84711004
84712240
84740215
84744972
84748294
84756701
84762809
84772587
84781120
84790479
84799896
84804134
84827030
84836243
84843194
84855469
84866307
84867255
84870160
84879308
84880579
84894708
84906406
84912880
84916245
84929820
84942906
84946611
84973404
84977014
84977861
84980579
84983004
84984414
84985738
84997759
85005816
85020546
85046019
85062378
85088963
85091401
85101661
85102609
85107793
85112744
85123084
85147639
85148151
85155362
85162269
85172929
85208054
85210967
85234103
85252772
85254459
85257472
85271320
85271563
85285360
85287278
85289087
85300179
85301001
85305437
85312837
85316704
85337610
85340820
85350395
85351418
85355582
85358257
85390913
85404205
85427916
85433087
85441442
85447854
85452525
85454429
85462320
85462696
85467488
85480554
85500358
85503482
85507446
85510226
85515402
85519592
85522235
85539513
85552997
85555237
85562812
85565714
85575592
85585431
85586520
85607786
85612256
85613919
85641060
85644692
85653010
85654769
85667663
85672165
85679523
85683417
85688358
85695915
85696166
85699686
85731571
85734423
85769920
85772417
85790408
85797923
85798444
85805288
85811901
85818317
85847261
85903865
85918369
85936646
85959193
85959236
85961524
85966468
85979374
85995780
85997440
85999115
86009680
86019823
86020265
86033938
86035436
86046458
86061205
86071940
86075228
86078676
86089089
86090774
86093612
86095796
86112322
86127881
86143547
86152952
86164967
86181284
86183221
86183428
86213399
86230633
86259969
86261955
86263519
86270402
86270674
86279775
86320199
86322231
86330195
86349153
86350268
86363346
86363422
86394481
86397685
86410213
86413350
86416380
86422487
86423613
86435979
86458392
86461465
86461806
86488096
86488705
86491135
86493798
86500378
86506747
86508621
86527687
86528102
86533174
86576303
86578357
86581330
86594836
86604176
86605470
86613600
86627918
86632465
86634052
86639434
86647275
86649866
86652573
86658603
86674347
86678192
86702307
86704150
86704209
86742410
86743419
86760701
86787868
86796513
86799737
86802298
86811841
86812148
86815052
86822023
86833669
86837467
86844381
86847825
86850490
86877717
86889256
86897210
86900413
86905650
86906362
86911351
86920152
86938904
86946409
86952260
86952473
86962331
86969488
86982577
86986186
86991310
87021499
87032129
87052188
87060090
87078473
87081065
87091435
87098726
87106370
87106537
87117243
87128411
87134158
87136161
87139395
87154233
87160006
87195354
87199674
87205695
87212675
87213115
87222904
87229015
87231512
87248702
87257996
87297694
87337356
87345852
87366102
87373641
87404418
87425951
87429199
87441836
87450615
87464088
87464595
87466139
87472875
87496881
87520649
87524288
87525677
87538089
87558099
87577562
87641235
87648109
87653378
87666178
87703339
87720106
87732867
87733677
87761181
87782093
87783368
87792027
87798124
87809385
87829796
87831166
87834515
87866402
87882368
87888260
87900277
87903866
87907879
87917638
87927657
87949163
87954666
87957469
87963574
87968045
87970304
87978787
87985229
87986565
87992728
87993555
87997021
87999927
88009252
88011147
88014954
88024355
88041453
88041786
88045730
88048901
88053409
88055609
88061957
88074578
88081221
88089499
88092812
88098754
88099122
88106309
88127182
88142501
88148608
88152203
88159290
88162524
88174785
88187828
88188496
88190142
88190882
88194272
88200061
88229612
88235173
88236337
88236444
88243324
88243661
88247384
88254506
88264925
88265286
88267658
88268956
88286917
88301640
88309074
88332581
88339222
88358544
88361725
88379302
88379895
88392805
88397603
88430546
88433262
88437765
88442398
88446795
88460741
88466342
88484215
88487678
88491417
88501840
88502598
88507008
88508972
88518570
88527415
88548269
88550557
88565856
88578966
88581677
88584482
88584980
88601530
88620002
88659768
88663873
88664534
88675000
88681357
88689099
88698705
88704377
88713149
88716651
88720185
88746411
88786406
88788663
88795623
88807447
88808805
88815172
88843962
88847431
88852801
88863730
88871042
88881109
88884260
88908428
88910994
88915252
88935281
88950960
88955127
88968477
88972733
89016555
89018558
89020275
89028332
89053912
89059920
89060775
89061342
89066631
89073278
89078341
89086991
89091592
89098005
89102591
89116073
89124900
89139149
89139292
89171586
89176716
89183096
89196860
89205386
89266289
89268854
89286009
89286330
89310086
89350541
89361225
89361242
89364173
89369955
89371940
89375242
89391530
89394852
89401667
89403808
89409754
89417702
89428760
89440555
89473898
89477714
89503034
89526420
89529328
89531356
89548310
89550295
89582726
89587951
89591179
89595027
89598513
89612500
89617615
89634003
89647213
89648179
89649750
89650153
89664447
89669460
89681760
89699160
89699943
89711440
89713685
89716499
89737192
89739368
89743659
89745544
89754855
89758865
89770845
89782592
89785498
89799214
89814857
89833557
89835893
89840165
89846482
89849310
89859290
89859652
89862524
89890079
89891035
89898949
89903574
89903722
89912344
89935414
89939171
89939490
89943585
89955536
89955973
89959042
89961269
89964914
89970489
89973430
89977502
89984808
89999317
90003263
90008281
90010527
90025144
90046469
90056872
90057562
90067971
90071419
90087394
90113388
90148557
90152788
90155860
90157003
90163872
90170344
90172320
90182694
90183688
90184936
90186393
90191070
90214828
90241951
90245021
90251805
90264051
90265804
90267124
90287580
90291532
90293881
90313743
90314101
90315510
90323685
90346366
90350612
90358668
90388671
90400448
90418258
90418530
90418672
90432421
90445742
90450440
90450745
90451436
90461826
90490264
90496219
90515865
90535183
90544230
90559533
90560356
90560624
90572957
90595646
90620328
90631435
90645317
90649028
90658115
90667315
90670403
90672988
90680413
90686507
90695168
90701011
90702680
90705060
90709655
90719205
90720706
90741941
90743382
90753843
90763871
90766440
90770213
90772200
90773342
90795590
90816880
90819883
90827255
90836804
90843936
90850074
90855198
90857941
90866538
90886219
90889686
90909367
90913341
90925192
90932595
90944884
90973121
90975568
90976509
90976978
90990511
90992842
90999287
91011234
91016246
91017436
91024442
91043309
91047839
91058595
91077150
91091746
91097517
91106132
91117337
91201760
91209209
91217628
91222867
91226978
91232841
91233904
91237020
91237849
91249809
91256500
91300156
91300266
91308435
91311836
91315602
91317580
91325347
91326900
91327790
91331119
91331361
91343492
91351095
91355713
91364800
91367530
91381700
91395425
91398042
91398697
91399486
91413815
91416995
91418775
91425501
91438312
91438651
91448587
91454360
91481780
91486542
91520624
91525573
91528321
91528468
91528628
91548495
91552807
91570232
91579149
91590830
91592217
91610655
91617530
91619887
91634542
91638467
91652632
91669672
91671007
91672458
91676817
91693187
91694020
91694786
91710244
91717431
91718002
91736045
91739862
91742139
91753811
91760029
91763022
91771750
91776636
91779456
91783694
91783757
91791557
91793896
91800695
91801644
91802119
91817761
91826144
91828532
91833471
91865766
91881062
91896848
91920983
91949066
91961240
91971754
91989618
92014422
92068301
92069918
92077383
92083387
92084060
92087704
92111004
92129844
92130254
92141326
92149219
92155870
92156198
92159135
92159932
92164043
92174564
92192765
92197847
92210280
92219829
92223594
92228621
92254878
92257860
92261162
92264585
92269772
92274882
92298826
92302229
92308439
92357374
92362961
92364873
92384259
92397216
92410540
92418348
92420072
92428459
92445151
92448838
92449721
92459784
92472664
92472875
92509590
92515563
92565480
92568507
92571591
92590801
92606595
92608053
92614832
92650147
92650229
92656062
92660897
92662610
92674825
92677191
92679942
92693555
92697637
92705906
92722862
92750137
92753846
92755032
92757623
92758613
92759962
92774862
92786669
92790565
92791091
92792273
92801535
92810509
92812975
92831152
92858592
92862492
92876699
92881973
92899616
92906733
92908137
92928005
92932384
92968639
92975126
92991933
92995228
92999011
93008824
93016602
93018701
93050248
93065526
93082093
93082577
93088528
93093012
93097200
93097220
93099880
93107252
93129980
93131914
93138649
93155656
93160011
93160603
93161848
93162554
93163621
93166886
93185034
93189566
93191720
93193123
93196931
93205738
93213160
93215349
93222089
93237246
93237481
93261195
93264462
93282424
93293361
93294473
93301524
93302535
93313145
93314517
93314938
93327171
93332853
93337860
93343943
93344588
93355233
93356064
93361422
93365806
93371200
93382253
93382341
93419876
93431528
93433808
93447739
93479820
93485612
93490134
93510574
93516383
93518615
93520410
93527675
93538817
93540162
93544327
93545892
93551098
93564854
93566075
93566134
93566414
93584438
93588538
93591556
93597319
93598560
93600535
93608449
93610471
93614048
93616733
93621139
93654438
93663741
93674079
93675605
93688515
93691796
93692747
93703610
93711416
93726230
93730937
93732416
93743100
93744326
93750127
93751788
93758460
93767010
93768343
93781641
93783678
93793127
93816726
93825649
93825951
93826097
93827178
93833593
93843714
93846874
93857006
93858741
93859929
93872457
93889124
93896613
93913350
93920320
93965025
93972371
93998707
94003379
94019931
94025062
94032888
94041897
94045522
94056243
94073930
94075054
94083943
94098471
94102892
94115357
94116426
94124177
94130110
94130254
94139342
94148438
94149825
94173834
94179239
94197057
94198033
94210628
94246176
94255767
94267305
94271099
94272359
94281546
94291089
94295407
94297483
94299748
94325985
94336465
94339299
94344743
94347266
94349344
94384489
94401704
94412646
94428611
94440604
94453292
94458429
94467500
94491717
94523766
94526179
94527275
94539183
94548526
94559022
94598741
94602181
94613169
94624217
94625664
94626582
94632503
94636810
94656975
94670278
94676771
94685933
94688549
94706665
94709986
94711886
94712795
94725445
94756888
94781508
94782769
94785061
94801057
94845930
94851976
94860229
94865382
94875510
94876742
94877985
94880943
94896155
94898039
94912130
94919840
94922808
94924787
94934313
94946780
94961392
94990969
94997918
95002917
95006358
95056503
95056999
95082558
95097241
95099483
95102233
95107639
95121132
95121272
95126020
95136364
95139963
95142435
95160485
95168589
95176942
95182639
95211764
95215182
95219206
95222224
95261861
95265337
95267645
95268547
95292621
95293156
95294532
95298387
95300929
95304909
95315609
95317721
95329275
95334654
95352644
95364358
95365411
95372944
95393076
95397150
95398443
95398986
95402103
95408108
95415236
95416029
95420329
95428537
95442590
95450538
95453793
95489402
95497669
95497975
95508415
95525728
95529102
95532954
95548809
95549196
95556102
95573188
95576111
95578055
95578637
95584046
95585841
95596062
95596830
95609368
95619892
95637229
95638731
95644419
95645743
95650218
95659657
95666169
95668961
95669647
95674656
95676054
95678659
95684525
95688768
95695200
95711265
95716147
95731252
95745056
95746368
95780067
95805786
95807960
95817363
95828881
95882710
95886807
95894359
95905387
95922719
95924926
95937375
95956464
95963675
95965732
95975156
95986884
96007023
96016162
96017895
96028826
96032023
96036775
96045571
96046721
96050116
96057960
96066979
96072907
96080389
96090285
96119639
96126008
96128256
96133184
96137512
96146637
96152332
96157936
96161953
96164271
96164709
96209811
96214587
96241731
96246958
96247920
96251289
96267885
96286530
96293909
96310139
96318973
96321285
96322772
96324958
96327094
96338277
96369933
96370234
96373842
96373961
96385399
96387991
96392517
96399223
96400469
96411677
96435760
96437855
96439414
96446106
96447549
96453524
96475372
96498804
96517427
96519699
96532437
96535194
96543494
96574895
96575331
96591348
96602503
96615437
96620980
96624422
96626567
96628600
96657474
96677537
96701841
96708330
96710731
96713522
96718779
96729636
96729639
96759911
96761294
96774445
96789988
96805365
96824730
96825254
96833572
96834500
96841544
96853826
96853829
96864970
96891040
96896194
96897297
96906511
96908125
96918984
96920654
96943671
96945295
96953258
96968704
96981381
96985627
96987133
96994014
97003986
97006181
97006729
97021868
97022266
97055081
97065026
97078019
97091115
97101360
97101409
97116248
97117535
97118257
97121380
97130746
97146982
97148083
97150280
97154174
97161329
97167925
97168432
97177478
97197504
97200740
97201403
97226223
97234704
97244316
97250942
97254939
97269911
97277644
97291436
97295411
97304403
97321170
97334205
97347936
97351235
97352912
97353276
97356037
97360341
97365046
97369137
97372497
97383608
97395074
97406003
97408288
97416295
97427203
97451546
97474554
97475100
97510439
97553316
97557871
97559358
97567328
97579232
97583565
97590698
97591234
97596399
97599363
97600549
97604834
97610587
97636033
97649733
97652289
97665987
97672689
97673154
97707718
97711726
97720338
97733805
97741393
97742556
97749444
97755892
97758267
97762724
97765053
97773463
97774062
97774398
97777926
97785909
97787774
97846252
97850942
97858937
97859577
97860772
97865372
97880383
97884594
97910209
97922307
97932079
97948299
97967187
97974999
98000605
98007503
98027110
98028334
98038955
98040108
98042931
98054194
98058243
98083951
98090007
98096665
98120005
98126342
98136074
98153721
98176523
98180024
98191629
98214119
98215987
98221985
98225928
98228110
98255444
98260020
98285520
98294098
98316617
98321116
98321689
98345591
98346521
98352065
98367217
98372081
98374194
98375074
98375542
98391153
98398104
98414078
98420123
98434779
98440262
98464375
98469114
98483174
98493131
98499567
98527979
98544092
98549674
98555844
98556364
98565273
98587204
98597360
98599258
98603128
98619864
98630538
98647703
98648480
98650009
98651488
98652340
98683634
98693608
98694238
98703164
98703384
98718816
98723281
98728472
98750876
98769291
98805514
98815853
98822282
98831125
98838169
98841893
98845230
98851282
98863381
98865910
98873384
98876308
98879966
98890739
98911298
98934305
98939809
98940444
98963176
98967478
98975276
98983996
98989752
98997217
99008407
99012677
99024818
99033025
99043045
99062654
99062884
99069301
99075303
99086738
99087180
99097461
99099973
99100011
99101836
99104868
99126067
99127466
99134339
99138316
99149091
99158569
99161920
99166625
99169219
99187856
99188413
99193280
99203764
99215726
99233785
99245326
99247557
99247658
99249753
99250818
99253779
99255969
99263169
99266528
99267151
99298624
99300968
99309898
99314465
99329783
99332690
99332998
99339738
99340392
99344211
99361250
99362789
99364984
99383979
99385712
99388774
99399441
99400262
99414135
99422428
99428530
99453583
99455676
99458860
99470025
99476435
99484979
99487769
99495061
99504013
99506554
99530600
99536754
99554075
99556037
99574939
99582176
99590910
99595791
99617029
99625354
99629782
99651760
99656908
99668964
99670624
99674387
99682341
99689828
99693220
99703764
99727367
99728059
99741971
99742673
99757205
99763243
99770612
99773486
99794682
99794992
99805113
99813631
99817253
99818021
99822456
99827475
99848133
99855212
99856193
99874584
99880747
99891924
99895078
99922370
99950414
99961914
99977341
99994147
99999367
